0 356 3
0 289 8
0 686 7
0 772 7
1 1634 3
1 323 7
1 1008 9
2 901 4
2 1348 7
2 721 10
3 352 1
3 845 8
3 209 2
3 178 3
4 1952 2
4 66 1
4 968 9
4 1037 7
5 719 2
5 342 10
5 930 6
6 393 4
6 587 7
6 274 10
7 1119 9
7 334 3
7 826 9
7 70 1
8 488 2
8 919 10
8 1158 9
8 503 10
9 1198 10
9 949 4
9 1290 4
9 516 10
10 1261 7
10 1332 7
10 1975 1
10 72 1
11 70 3
11 289 3
11 1830 1
12 1861 1
12 601 6
12 149 2
12 1915 9
13 98 1
13 1265 7
13 682 8
14 1538 2
14 1966 6
14 92 2
15 1250 2
15 127 2
15 835 1
15 301 10
16 221 1
16 888 4
16 1351 4
16 1181 5
17 1634 10
17 1868 7
17 1318 9
17 206 1
18 71 5
18 1157 8
18 1476 2
19 1368 7
19 1646 10
19 935 1
20 1666 9
20 966 10
20 1862 10
20 643 6
21 1535 6
21 801 6
21 135 8
21 987 3
22 861 2
22 640 9
22 382 7
22 1706 2
23 1727 9
23 145 1
23 494 6
23 936 5
24 1788 10
24 885 4
24 394 1
24 1075 1
25 434 10
25 1610 8
25 1801 4
26 491 9
26 1186 10
26 649 2
26 276 10
27 247 5
27 1565 6
27 540 6
28 1751 1
28 1949 7
28 792 5
28 98 1
29 1389 3
28 29 3
29 1836 8
30 1296 4
30 582 8
30 1936 2
30 126 5
31 802 1
31 1697 3
31 847 4
32 1419 3
32 1944 2
32 698 3
33 508 4
33 1878 9
33 1326 7
34 1359 3
34 549 5
34 1659 7
35 1786 3
35 1667 9
35 1944 5
35 283 2
36 1729 1
36 59 4
36 774 8
36 67 1
37 1850 9
37 506 7
37 1135 5
38 497 7
38 1534 8
38 724 2
39 1156 9
39 1235 4
39 422 9
39 596 3
40 1159 2
40 1624 4
40 681 4
40 1475 2
41 543 10
41 1774 9
41 494 3
42 380 9
42 685 5
42 1939 3
43 1349 8
43 65 5
43 438 5
44 389 4
44 1559 5
44 458 1
45 1933 2
45 655 7
45 753 1
45 507 8
46 1035 10
46 1993 1
46 1435 3
47 1634 2
47 465 9
48 1831 5
48 1151 5
48 953 8
48 814 7
49 747 10
49 582 6
49 1542 3
50 1141 7
50 1117 1
50 801 10
51 1086 4
51 1307 1
51 917 3
51 478 1
52 224 4
52 1959 10
52 1050 4
52 1075 10
53 217 2
53 1799 2
53 1275 3
54 83 2
54 725 6
54 893 4
54 323 9
55 1043 6
55 1064 4
55 1138 10
56 671 1
56 1978 3
56 455 5
56 1051 10
57 1314 9
57 1734 2
57 712 10
57 1024 5
58 261 8
50 58 5
58 795 3
58 1979 4
59 1852 2
59 129 2
59 64 10
60 138 7
60 1686 10
60 945 10
61 1775 6
61 1796 9
61 735 4
61 904 3
62 213 5
62 371 9
62 896 1
6 63 6
63 656 6
63 856 2
63 1946 7
64 564 3
64 401 10
64 483 9
64 1636 10
65 124 7
65 930 1
65 118 9
65 1593 3
66 954 1
66 142 8
66 926 10
66 1226 4
67 299 10
67 1042 9
67 1923 7
67 1911 5
68 1872 3
68 579 10
68 1897 6
69 1629 6
69 1979 4
39 69 2
69 177 10
70 394 8
70 1314 3
70 1650 10
70 271 2
71 1782 5
71 830 6
71 1420 3
71 1917 3
72 1546 2
72 358 10
72 1071 6
72 789 5
73 560 2
73 1723 8
73 1217 3
74 1542 3
74 1710 4
74 1675 7
74 1595 2
75 1641 2
75 1740 1
75 275 4
76 1717 4
76 618 1
76 1988 10
76 1786 3
77 609 8
77 1848 9
77 1139 10
77 1720 4
78 1534 9
78 1078 2
78 439 7
79 1522 7
79 1737 8
79 1581 7
80 844 5
80 1006 3
80 1924 3
81 595 2
81 763 5
81 1580 3
82 1300 6
82 1185 7
82 835 6
82 1020 5
83 846 9
83 579 4
83 945 1
83 129 3
84 646 1
84 188 1
84 1315 5
85 716 8
85 313 9
85 1141 10
85 301 9
86 1839 4
86 1602 10
86 1309 6
87 457 6
87 641 4
87 597 2
88 306 10
88 1089 7
88 339 5
88 971 9
89 210 3
89 121 3
89 1971 5
89 200 10
90 236 2
90 1825 6
90 417 4
91 854 8
91 1758 4
0 91 8
91 461 10
92 1308 1
92 171 2
92 668 5
93 1542 6
93 545 6
93 540 9
93 1175 7
86 94 2
94 1231 6
94 1567 5
95 444 5
95 217 5
21 95 9
95 213 9
96 673 2
96 617 4
96 1955 2
72 97 7
97 1101 3
97 1454 9
98 1140 6
98 154 3
98 1922 2
99 336 8
99 1303 4
99 961 7
100 1526 7
100 1570 2
100 127 10
100 244 3
101 1832 6
101 1059 5
101 1119 6
102 1942 7
102 629 7
102 730 5
103 688 1
103 686 4
103 145 8
20 103 1
104 188 3
76 104 7
104 542 3
104 750 5
105 905 6
105 1791 8
105 1521 6
105 319 10
106 767 2
106 1591 7
1 106 4
106 1622 6
107 1621 8
107 1760 7
107 905 4
108 1221 6
108 246 5
108 1901 4
109 557 5
109 1958 1
109 600 10
109 661 8
110 1622 9
110 332 4
61 110 5
111 1741 8
111 1037 2
111 1073 4
112 999 7
112 1921 7
112 1840 6
113 1422 3
113 1596 3
113 1162 7
113 362 6
110 114 8
114 713 6
114 1772 7
114 1101 4
115 1029 1
115 720 5
115 1425 8
115 1454 5
116 700 7
116 785 2
116 1260 10
117 993 4
117 1545 8
117 1558 9
117 169 8
118 964 1
118 1219 7
118 1573 9
118 1447 6
119 1901 2
119 200 6
119 127 1
119 407 4
120 1809 5
120 1817 9
120 1867 2
121 1926 10
84 121 6
121 467 9
122 299 8
122 1478 3
122 1836 6
123 1347 7
123 1760 8
123 534 8
123 709 2
124 657 3
124 727 8
124 261 7
28 124 8
125 1139 2
125 1319 9
125 1931 2
126 1329 10
126 481 8
126 1486 2
126 1216 6
127 1115 10
127 1761 7
127 140 5
127 834 4
128 1661 7
128 1639 2
128 1525 4
128 1532 7
129 1491 1
129 1266 1
129 539 6
130 408 5
130 695 7
130 1979 7
131 1530 10
131 1267 1
131 1943 4
131 1265 7
132 1473 6
132 859 9
132 1490 3
133 1673 4
133 1487 2
133 335 9
133 766 10
134 432 5
134 762 4
134 533 6
135 862 5
135 1964 9
135 278 2
135 146 5
136 774 5
136 405 5
136 348 3
136 289 4
137 1580 9
137 899 10
137 540 8
137 1131 5
138 247 10
138 1708 1
138 252 4
138 504 3
139 438 9
139 1259 6
139 1034 6
139 602 10
140 1637 9
140 146 9
140 1521 8
140 1410 1
141 1799 4
141 461 2
141 1950 2
141 1011 2
142 544 8
142 569 8
137 142 8
142 1967 3
143 1182 8
143 1163 9
143 574 4
144 732 5
144 661 3
144 1196 1
145 1252 5
145 1245 5
145 1635 9
146 442 4
97 146 2
146 212 5
146 1840 2
147 1704 7
147 1506 10
147 1164 1
147 323 1
148 1299 5
148 1659 9
148 744 4
149 528 1
6 149 6
149 158 7
150 1663 4
150 672 7
150 1439 6
150 759 1
151 1177 9
141 151 2
151 650 5
151 1454 6
152 1580 7
152 1315 5
152 1779 8
152 1205 10
72 153 10
153 882 5
153 1503 8
154 1731 7
154 1271 1
154 1887 4
155 457 5
155 361 9
155 1150 8
156 1265 8
156 1101 2
156 424 1
156 700 10
157 826 4
157 400 9
157 1787 4
147 157 5
158 1674 8
158 477 4
10 158 6
159 344 9
159 1478 7
159 1026 4
160 773 5
160 397 8
160 1086 8
161 1647 7
161 1232 9
161 336 2
162 484 8
162 1938 9
162 1735 6
162 423 8
163 793 5
163 1770 5
163 640 7
104 164 3
164 1584 2
164 1119 3
164 1951 1
165 227 5
165 718 4
165 1605 2
166 1875 10
166 1557 1
166 1726 1
59 166 9
167 853 10
167 1750 5
167 1557 10
168 1479 6
168 804 2
168 438 6
169 1108 5
169 187 9
169 1897 3
169 1199 8
170 511 5
170 1629 8
170 835 10
170 1228 2
171 1637 2
171 388 7
171 1190 2
172 606 6
172 681 5
172 602 5
173 1936 2
173 330 6
173 965 2
174 985 3
174 689 7
174 982 5
175 210 6
175 1902 10
175 1548 3
97 175 9
176 1475 7
176 1180 9
176 1092 5
176 1142 5
177 315 7
177 608 4
160 177 3
178 904 2
178 1936 7
178 1007 5
179 844 9
179 647 3
179 1840 6
180 1526 3
180 1179 9
180 1433 3
180 1193 8
181 1615 4
147 181 6
181 1228 8
182 198 2
182 501 7
182 1450 10
183 1898 4
183 980 9
183 746 2
184 229 10
184 919 1
184 1757 3
32 184 1
185 253 9
185 875 1
185 1493 4
186 863 2
186 622 6
186 1139 3
186 1226 1
187 1579 3
187 1573 8
187 723 9
187 1258 3
188 1371 1
188 1192 6
188 482 3
8 188 1
189 408 7
189 1802 10
109 189 6
189 442 7
190 866 3
190 516 10
190 984 10
13 191 5
191 682 5
191 1269 1
192 801 3
192 750 4
192 1186 2
192 1036 6
193 282 10
193 1691 4
193 1494 4
193 570 1
194 1974 8
194 541 1
194 728 4
194 1676 3
195 1300 4
195 1508 8
195 644 3
196 280 1
196 860 7
196 645 3
196 1950 5
197 693 1
197 556 6
197 970 8
197 1590 8
198 1252 6
198 1752 9
198 230 1
73 199 1
199 1227 9
172 199 8
200 1932 8
200 666 10
200 569 7
201 992 2
201 495 1
201 1277 6
201 1808 10
202 256 2
202 752 1
202 1752 3
202 802 3
203 752 1
203 478 7
203 537 9
204 726 7
204 841 7
204 1814 7
205 1475 2
205 893 5
119 205 2
206 864 10
206 1147 7
22 206 2
206 951 5
207 359 10
207 1143 10
207 1557 3
207 1017 1
208 1863 2
208 407 8
118 208 10
208 1504 2
209 609 1
209 993 5
209 1754 6
210 1723 8
34 210 5
210 1853 9
210 1385 5
211 574 3
211 1146 2
211 1162 8
211 1806 4
212 1835 4
212 415 10
212 715 9
213 1605 4
213 1937 3
213 708 1
214 1737 8
109 214 4
214 1077 7
77 214 1
215 1769 9
215 363 4
215 297 10
216 1313 7
216 1052 10
216 1695 10
216 437 9
217 490 6
217 1789 2
217 1357 7
217 1288 5
218 1231 2
218 1883 2
218 1732 4
218 1782 3
219 1066 1
219 1187 8
219 1383 4
220 1112 1
51 220 2
220 1938 9
220 392 4
221 295 2
221 1845 4
221 397 3
221 1167 10
222 828 4
222 420 1
147 222 9
28 222 8
223 555 4
223 520 8
223 1417 1
223 890 10
224 1370 4
224 624 10
224 358 8
224 1836 4
70 225 3
225 1246 8
225 992 2
225 607 4
226 397 4
226 338 5
226 891 2
227 1730 1
4 227 1
227 1379 6
228 1442 3
228 1981 3
228 291 8
229 1598 10
229 610 7
229 426 4
230 1385 7
230 1290 3
230 1541 9
230 1156 3
231 1402 3
231 331 7
231 782 4
164 231 5
232 1898 8
10 232 10
232 1626 9
140 232 6
233 1336 2
233 1021 7
28 233 10
162 234 2
234 1776 1
234 905 10
235 1068 3
235 831 3
235 1497 6
236 1355 4
236 1136 6
236 1434 4
173 236 5
237 1943 2
237 1624 6
237 1769 3
238 1917 8
17 238 6
238 1837 6
239 910 6
230 239 2
239 1249 9
240 928 4
240 333 8
240 800 8
241 1325 5
241 512 9
241 957 9
242 726 2
130 242 6
242 308 10
242 1040 8
188 243 8
243 821 9
243 1148 2
236 244 2
244 1933 10
244 1768 4
245 1652 9
245 383 8
245 1327 1
245 1005 3
246 1498 5
246 1413 9
246 894 6
247 1020 6
63 247 3
115 247 5
248 614 3
248 1264 8
248 722 6
248 1633 4
249 1691 7
249 1906 1
249 1838 5
249 1283 7
250 1677 2
250 921 4
250 1178 10
251 523 3
138 251 1
251 1908 4
61 252 10
252 504 6
252 1404 8
253 1146 1
253 1396 5
253 1551 7
254 1186 3
254 1431 6
215 254 5
255 1745 6
255 435 1
255 1329 4
255 1610 9
256 1215 2
256 1347 10
256 786 5
36 257 1
257 388 5
257 1654 10
258 675 8
258 1564 7
258 693 10
259 1184 5
147 259 10
144 259 7
260 1754 7
260 1872 2
260 717 10
261 1503 6
261 1600 2
261 925 10
262 932 1
262 1045 8
110 262 10
65 262 4
263 1579 8
263 264 7
263 1958 1
264 502 8
264 621 7
264 540 1
265 1933 7
265 973 4
265 1437 1
265 1874 4
266 507 9
266 1141 8
266 1120 7
267 1860 6
267 1759 8
267 863 8
268 770 2
268 808 4
268 1649 10
268 1433 9
269 979 4
269 1167 8
269 1874 3
270 1408 2
270 392 3
270 870 3
271 642 6
271 1598 2
271 554 2
143 272 4
272 1393 3
272 1326 5
273 1112 3
273 1583 2
273 1316 3
273 860 3
274 742 3
274 397 8
204 274 8
275 1017 10
275 1076 6
275 662 1
276 1774 3
276 877 9
276 690 2
277 1802 7
277 1314 7
277 1984 7
277 1106 9
201 278 1
278 1662 9
278 1737 3
278 1039 5
116 279 10
206 279 9
279 797 1
279 1872 2
280 1302 3
280 1543 2
280 654 2
281 900 6
281 1116 8
73 281 2
281 560 7
248 282 6
282 1677 10
282 449 2
107 282 1
206 283 10
283 1469 1
283 1481 2
283 1733 4
284 414 8
284 496 5
284 1888 5
230 284 8
285 963 10
285 1075 7
285 1407 1
285 684 9
257 286 7
286 1741 5
286 1712 2
286 1505 3
247 287 6
287 875 5
287 642 5
288 1756 5
288 776 9
288 701 7
289 1860 2
289 659 10
289 444 6
289 1370 6
290 876 8
290 1988 9
290 1170 7
64 291 4
291 958 10
291 977 3
292 709 1
292 1960 9
292 750 4
84 292 2
293 1757 3
293 845 2
293 758 6
294 1062 4
294 326 4
294 383 9
294 1249 7
295 1694 7
295 851 4
295 1080 9
296 1140 9
296 1570 1
296 1682 7
297 908 5
297 1707 6
297 1965 8
297 673 5
116 298 3
298 1635 3
298 1060 5
299 972 9
299 1446 6
299 1601 7
300 1685 7
300 1552 9
300 1908 7
301 553 7
301 1730 1
301 952 9
302 1977 3
302 958 6
302 1795 4
303 1207 10
303 1967 1
303 759 4
303 355 3
304 1591 8
304 1957 7
304 357 6
304 1082 5
305 1929 7
305 679 4
305 454 10
306 1037 8
7 306 5
12 306 6
193 307 3
307 923 3
307 686 2
16 307 8
308 413 6
308 1070 4
308 1152 4
309 1571 5
205 309 3
19 309 1
309 711 2
130 310 9
310 1585 5
310 893 9
310 1039 9
311 343 5
311 1235 10
181 311 10
312 1468 1
247 312 2
312 385 9
313 1171 5
313 1498 1
313 1264 10
314 1313 2
314 711 1
314 1537 6
314 1578 9
315 1182 2
315 1679 10
315 1982 3
315 1579 7
316 1811 7
302 316 7
104 316 9
316 1719 9
317 909 5
317 1257 3
317 1989 1
318 1239 8
318 700 1
318 1117 6
318 352 9
319 1122 1
319 1419 4
319 1828 3
320 1534 7
320 1412 10
320 1304 2
0 321 3
321 1024 8
321 776 6
321 1557 2
322 1746 3
322 1775 4
322 1747 10
322 1603 5
323 325 6
323 1006 6
177 323 3
40 323 4
31 324 10
324 1117 3
324 1939 2
325 1548 10
325 1824 6
325 861 10
326 1433 7
326 418 3
326 1035 4
326 838 10
327 1915 6
327 1555 3
218 327 8
204 328 1
328 666 5
328 1413 8
328 1535 2
329 525 6
329 1962 9
329 476 6
329 1523 3
330 1055 1
308 330 7
330 1409 9
330 513 7
331 958 7
331 1213 6
331 883 5
332 557 10
13 332 5
332 1180 10
333 1228 2
333 1059 7
333 1999 3
333 1089 5
334 1861 4
334 588 1
334 1953 2
335 1219 10
57 335 6
97 335 1
336 1153 8
336 1990 7
293 336 3
336 1685 6
337 519 5
337 1159 9
337 1257 1
338 1599 2
338 1047 8
83 338 2
339 1461 3
339 1700 9
339 1709 8
340 390 1
307 340 3
116 340 2
154 341 7
341 1709 4
341 1242 9
341 1191 2
342 1995 1
342 1929 4
342 989 3
343 630 7
343 968 1
343 1344 1
155 344 1
344 1781 3
344 505 10
344 1415 3
345 1983 2
345 1428 9
42 345 10
345 429 3
346 1232 5
10 346 2
156 346 7
346 1203 5
347 1533 10
347 1108 5
186 347 10
348 1000 7
348 395 7
348 498 1
348 751 2
329 349 6
349 1550 10
349 1928 8
343 349 3
350 916 1
350 1637 1
350 915 7
5 350 7
351 370 3
351 1705 8
351 484 2
352 900 2
352 1117 5
352 1965 7
30 353 9
353 1444 1
353 468 8
353 382 8
354 963 8
354 1176 1
354 1053 4
229 355 6
355 660 6
355 1123 5
356 737 8
356 1320 7
356 401 8
357 1086 8
357 1853 2
357 1978 2
358 712 1
358 1726 8
358 1709 5
359 1114 9
359 1785 5
359 1043 8
359 1631 7
360 1361 7
360 1043 4
360 1462 5
361 1717 3
361 690 3
361 1413 1
84 362 3
362 967 3
362 1760 8
362 1417 10
205 363 8
363 1487 1
363 1656 1
119 363 1
364 1727 4
364 1865 2
364 789 9
365 1672 9
365 1532 8
365 598 8
330 366 8
36 366 3
124 366 6
366 1164 8
23 367 8
367 1962 10
367 1929 2
368 1113 1
368 975 2
368 1702 8
369 1312 10
369 1797 6
369 1578 6
369 1324 3
370 771 1
370 1872 8
370 1645 9
370 1867 8
326 371 2
371 1090 8
371 755 3
371 1721 6
372 1052 8
165 372 2
282 372 7
373 1127 5
373 1815 4
373 1688 5
374 1528 9
374 1526 6
374 856 4
374 1884 8
375 558 1
375 679 4
375 782 1
228 375 3
376 1198 10
376 1075 1
357 376 6
377 594 3
114 377 3
377 1906 2
163 377 8
378 1688 4
378 1665 6
378 1203 8
379 913 9
148 379 8
379 1168 7
379 1582 3
380 1281 10
380 1758 10
380 894 8
381 1556 3
381 867 5
381 1225 1
381 1541 8
382 477 4
382 1348 1
382 1252 2
382 945 1
383 1344 1
383 707 7
383 864 7
208 383 4
199 384 10
384 1462 5
384 417 7
231 385 4
385 1034 6
385 1721 8
385 954 5
386 986 7
386 1636 2
386 508 8
386 1275 9
202 387 3
387 1660 3
387 527 8
388 1036 10
388 449 4
388 1217 1
36 388 1
389 513 4
389 1943 8
389 749 9
390 1237 7
390 736 6
390 1703 5
145 390 1
391 1057 3
391 1680 7
391 1499 6
70 392 5
392 777 8
246 392 7
393 1733 10
393 945 9
393 1499 6
304 394 5
394 1865 4
394 1382 10
394 1757 8
395 675 8
395 1745 8
395 873 6
52 395 9
198 396 6
396 955 5
396 493 8
177 396 6
206 397 7
397 1379 6
397 680 7
398 425 9
121 398 3
398 1925 5
399 1214 1
399 1916 9
399 467 1
399 638 5
400 1965 10
400 963 10
400 1828 3
401 1513 1
401 1360 3
401 737 3
402 938 9
402 658 2
402 1352 7
403 562 1
403 1758 1
403 590 6
404 1228 10
21 404 5
404 1449 7
404 1653 10
405 989 3
405 1231 2
387 405 10
405 1093 8
263 406 7
406 670 9
406 594 9
406 882 5
407 1712 6
407 1541 6
407 563 2
109 408 3
408 925 3
408 1331 7
408 1103 7
409 1804 4
409 1307 1
212 409 7
410 1518 9
410 1481 3
410 1147 4
410 1209 4
411 544 8
411 1995 10
258 411 5
412 1960 3
412 1683 4
412 968 8
412 469 9
34 413 8
193 413 8
413 1235 8
117 413 5
414 582 4
256 414 2
414 1138 7
415 1495 2
415 498 4
415 968 8
65 415 1
61 416 1
416 1242 3
416 1809 6
416 1269 9
417 1516 5
417 438 6
417 890 1
417 567 4
358 418 2
418 1974 8
199 418 9
419 1952 7
315 419 1
156 419 1
420 1306 3
420 1665 8
420 550 5
420 1946 10
421 1660 10
421 436 3
49 421 6
422 1340 7
422 818 5
422 1463 8
422 1024 2
423 1350 10
423 1692 9
423 1149 6
424 1514 3
424 984 5
424 1427 1
424 993 10
425 1064 8
196 425 4
373 425 2
426 439 3
120 426 5
426 851 5
426 1966 4
427 697 8
427 705 7
427 1044 3
427 1360 8
428 1424 5
428 489 10
428 1193 5
428 1833 2
429 1299 7
429 644 5
429 1727 7
430 1981 8
430 1721 10
430 1503 1
431 1720 6
431 1195 6
431 1848 6
432 1407 3
432 1266 7
432 1101 2
433 1287 5
13 433 7
433 662 8
389 434 6
434 1267 4
434 464 1
435 1967 1
371 435 9
435 1885 7
85 436 4
436 1107 3
436 1157 6
436 1741 10
437 1773 9
437 1615 7
437 484 8
438 1174 8
282 438 4
438 1390 8
133 438 5
439 745 8
439 754 4
439 1405 2
440 1879 1
440 561 7
95 440 5
336 441 8
441 1545 2
441 566 2
228 441 4
442 1247 7
442 701 10
442 1095 8
161 443 3
443 1593 7
443 1267 10
336 444 1
444 550 10
444 618 8
444 1903 9
330 445 6
445 1636 9
445 897 8
445 962 6
446 958 9
446 806 4
446 1045 3
447 1330 8
447 1482 8
447 1856 3
448 1438 5
448 534 8
448 561 8
448 1027 8
449 1542 6
368 449 10
449 452 1
269 450 1
450 1455 8
450 693 3
451 1260 5
451 1548 3
451 1132 8
451 1756 8
452 1320 5
452 1604 5
93 452 2
452 481 4
453 1068 3
453 965 2
453 1264 5
454 1905 10
454 1569 1
454 1573 1
108 455 1
455 1305 3
455 1917 2
456 1465 5
456 1665 2
456 1320 10
405 456 2
457 931 10
457 906 9
457 742 4
458 884 9
458 1883 6
458 1378 10
459 1941 8
459 1578 7
459 1509 8
307 459 3
460 1393 9
460 1086 4
460 1999 4
461 1323 5
88 461 3
461 1374 3
462 889 8
462 1533 5
462 1224 4
462 933 3
463 850 3
450 463 2
463 771 1
436 464 6
464 1174 5
464 1921 4
465 787 9
465 843 8
465 1430 10
410 465 6
466 829 1
466 583 4
36 466 9
467 1240 2
467 1971 4
467 1782 4
467 1505 1
468 712 5
468 1757 4
119 468 7
468 1773 9
469 1000 1
469 1590 1
469 1286 2
239 469 9
470 645 5
470 1852 3
470 1687 6
82 471 1
471 759 10
471 830 1
472 1425 8
472 1285 7
472 1873 1
472 1216 5
473 1967 7
473 1821 6
237 473 3
474 573 8
474 1758 9
474 750 8
53 474 7
475 1463 6
475 1818 5
167 475 10
71 475 5
319 476 10
476 1516 7
476 1685 8
477 521 1
477 1460 10
477 512 4
477 1684 1
462 478 3
478 1030 9
478 1790 10
331 478 6
479 977 3
479 1901 9
48 479 8
479 1368 8
480 1256 3
155 480 2
480 1045 8
156 481 10
46 481 2
481 1041 3
481 655 6
482 1523 6
482 1924 8
482 1522 6
483 1356 7
483 585 5
483 1264 4
484 1492 2
415 484 8
484 672 4
254 484 6
485 1725 2
485 1810 10
485 1273 7
485 1184 9
486 1392 5
486 548 5
486 1919 4
486 623 9
27 487 3
487 623 2
487 636 5
283 488 7
488 851 10
488 803 4
444 489 4
85 489 1
489 1801 3
143 490 5
490 1274 2
280 490 6
491 903 4
491 1446 4
217 491 10
492 853 6
492 1296 9
492 1813 1
493 616 4
493 1696 2
493 1008 2
493 1483 1
193 494 4
494 1121 10
494 1996 3
494 1716 4
495 790 10
292 495 10
495 641 1
495 565 7
405 496 1
496 699 6
496 1676 3
496 831 10
497 964 5
190 497 1
497 1117 6
498 1288 5
498 1595 6
498 617 6
147 498 9
499 1858 2
499 1800 4
499 1428 10
499 829 1
500 1964 9
500 1070 8
310 500 3
501 1234 6
501 1183 5
501 1192 8
501 1992 7
502 1349 6
502 1929 7
502 1546 10
503 1727 10
130 503 6
503 978 10
503 1995 7
504 1216 9
504 774 7
504 1238 1
421 505 5
505 1142 1
505 1809 9
505 1475 9
506 1404 8
82 506 4
506 714 10
507 844 6
507 892 7
507 1312 1
508 528 9
508 558 7
508 623 7
508 1167 1
509 983 5
509 1072 3
509 1893 8
303 509 10
510 1310 2
510 887 5
510 672 2
510 1220 10
511 1376 3
511 966 3
182 511 6
512 941 9
218 512 9
180 512 10
513 1895 2
236 513 1
513 1110 2
513 921 3
514 1432 2
514 577 7
514 1102 8
446 514 9
100 515 6
515 1038 3
515 1452 1
516 1412 1
516 1683 3
516 1169 8
516 1839 4
517 1979 4
517 606 1
257 517 10
517 684 1
518 1141 4
518 1533 10
518 1513 2
519 1628 10
519 673 1
261 519 10
492 519 2
437 520 4
520 1411 7
520 1898 9
521 1093 5
521 1860 4
521 1243 8
522 1331 1
522 978 8
329 522 3
522 628 9
523 1430 4
523 1553 2
523 1642 8
524 1927 7
500 524 9
524 1815 1
524 1169 4
525 1253 6
525 1546 10
525 1532 3
180 525 5
526 1397 4
526 1982 9
526 1323 6
527 717 1
527 1851 2
527 1109 9
296 528 9
528 1977 2
528 1788 7
529 1984 2
529 1521 3
529 1952 7
485 530 1
237 530 5
530 636 2
311 531 9
531 772 9
531 1738 7
532 848 5
532 730 5
532 905 10
533 1045 8
141 533 10
533 1309 5
533 912 4
534 1658 9
534 1453 8
333 534 10
535 1297 1
197 535 1
535 1781 9
535 1398 4
536 912 4
536 632 8
536 1663 10
220 537 3
244 537 2
537 1098 9
537 1495 10
538 1945 3
538 1766 1
413 538 8
538 1928 6
350 539 7
539 1775 9
539 1171 4
539 660 6
540 830 1
540 838 6
10 540 3
540 641 5
502 541 2
541 1891 2
36 541 6
542 667 9
542 1077 6
542 1794 5
542 1297 3
543 1045 5
543 1954 8
391 543 2
543 1239 2
544 1636 4
544 1313 1
544 787 4
544 1132 9
545 1505 8
545 792 5
545 1934 4
545 721 2
546 1637 9
546 1011 9
546 1575 6
282 546 3
483 547 5
199 547 5
547 860 4
548 1490 3
548 1873 5
548 1113 3
479 548 1
124 549 5
549 1367 8
549 1547 7
550 1725 9
550 1163 3
550 1925 7
550 1284 3
551 860 4
508 551 2
551 886 8
551 1563 2
538 552 5
552 1074 10
552 966 2
553 1632 9
553 691 10
553 1675 9
553 1256 6
554 908 1
554 839 5
194 554 4
554 1405 9
555 1478 7
380 555 2
555 697 6
555 1931 4
556 1301 10
556 1452 7
556 1881 4
556 1837 3
67 557 9
545 557 10
557 1576 8
121 558 3
558 1773 7
32 558 7
559 1608 10
397 559 9
559 1844 2
275 560 3
543 560 9
560 1480 7
273 560 1
493 561 8
561 857 9
561 846 7
185 561 10
562 1879 3
562 785 2
562 1379 2
562 1520 9
530 563 5
563 1571 4
563 1041 6
564 769 7
495 564 5
564 1056 7
565 793 6
565 925 3
565 1031 4
565 1491 1
566 1115 8
566 1254 7
566 1920 7
567 811 7
567 1830 5
479 567 3
198 568 4
378 568 6
568 1388 5
569 1275 10
569 678 4
569 571 1
368 569 5
570 1710 1
570 1780 7
570 728 3
145 571 4
98 571 8
571 1598 1
572 590 1
572 1545 9
525 572 6
402 572 9
573 1333 7
573 1817 8
573 1698 6
51 574 7
553 574 4
574 1212 3
574 587 8
575 1451 6
106 575 2
575 1387 1
575 1991 8
576 1311 5
576 1192 4
576 1054 7
576 1398 2
577 1655 2
459 577 8
577 792 8
578 1327 1
578 866 6
279 578 6
384 579 5
579 1471 5
579 1114 3
580 1021 4
580 1088 6
580 838 3
581 1185 6
581 1892 8
107 581 2
582 814 4
399 582 7
582 1022 7
582 1365 8
102 583 4
207 583 7
583 589 10
584 1610 5
584 657 6
584 1984 1
584 1549 3
585 844 7
585 1912 4
585 1387 5
118 585 4
586 1204 6
586 753 3
584 586 10
586 1024 1
587 1602 10
587 1717 2
587 612 4
588 1139 8
588 629 9
588 1771 7
588 1885 9
589 1188 6
215 589 7
589 1870 3
589 863 8
137 590 3
590 896 2
590 1432 3
590 763 4
591 1934 6
591 1524 6
185 591 4
591 1096 4
63 592 9
592 1434 5
592 1947 3
593 1605 3
515 593 1
593 772 3
593 957 7
118 594 9
594 1762 4
594 713 4
595 1759 10
595 1987 5
595 1374 5
220 596 10
596 1928 6
596 1145 8
596 1769 7
597 1753 4
597 653 6
597 1795 3
598 613 2
598 1301 8
598 1666 6
598 1150 9
599 1801 7
70 599 8
599 962 10
461 600 8
106 600 7
600 1394 6
600 964 10
601 837 5
154 601 3
546 601 9
601 1597 10
324 602 9
602 844 7
536 602 1
602 1979 5
603 1506 7
280 603 8
189 603 8
604 1795 5
291 604 10
604 1125 1
605 1709 8
605 932 8
605 1955 10
606 1136 4
606 937 2
606 1031 6
606 951 1
607 1992 9
320 607 5
607 826 1
608 1242 8
608 1617 4
608 1417 5
608 1806 8
233 609 1
609 1763 1
609 1179 3
609 1676 6
9 610 9
610 816 4
610 779 1
610 1657 10
281 611 6
591 611 5
419 611 9
611 674 4
612 1768 10
612 1087 5
344 612 8
612 1039 7
613 741 5
5 613 5
613 1274 5
614 939 6
614 1013 7
614 1256 5
82 615 8
615 1933 4
615 1637 8
615 806 8
616 917 5
616 1652 2
183 616 2
617 1451 3
114 617 10
617 1868 9
617 1583 1
618 840 4
618 1275 7
618 1579 5
530 618 7
619 1384 7
619 1397 3
613 619 4
619 1460 8
620 1073 1
468 620 4
620 693 1
37 620 3
621 1777 8
621 1240 7
621 1629 5
622 1726 4
587 622 9
622 922 5
344 622 9
623 887 4
623 898 10
200 623 6
623 1772 3
624 1695 8
624 1043 5
624 990 4
624 1861 10
625 669 10
130 625 1
625 1487 6
447 626 10
364 626 3
626 1237 8
31 626 1
627 730 3
627 711 3
627 1076 6
628 1564 1
628 634 7
628 766 9
629 1522 8
446 629 5
270 629 6
629 1791 10
501 630 6
630 1877 9
630 1815 9
630 821 2
455 631 5
631 1492 3
631 1121 3
632 724 10
354 632 3
229 632 2
98 633 1
633 1720 9
633 827 2
634 1560 5
634 655 10
455 634 1
635 1276 4
335 635 2
635 1940 9
635 1615 2
636 1063 8
636 1603 10
636 1979 3
637 1695 2
637 1703 8
637 651 3
637 1631 2
638 1995 10
584 638 1
459 638 3
78 638 6
162 639 6
639 797 8
639 838 3
639 841 7
610 640 8
640 808 4
640 1355 2
178 640 3
641 1061 6
641 1428 7
641 1101 8
642 1903 9
642 1074 5
65 642 5
643 1490 2
273 643 10
213 643 7
644 1541 10
644 964 2
644 904 2
644 1792 6
238 645 7
645 1251 7
645 704 5
646 1496 9
646 1664 2
646 942 10
615 646 1
647 1808 4
253 647 5
647 1882 1
311 648 7
616 648 8
648 1898 1
648 1002 5
649 1498 6
649 1017 5
0 649 3
650 960 9
650 974 5
550 650 10
44 650 3
459 651 6
123 651 4
38 651 7
652 1006 5
465 652 7
652 1926 10
652 1117 8
134 653 2
509 653 9
653 734 10
653 1407 9
654 1957 10
471 654 2
654 1399 1
654 806 5
655 1795 4
655 1332 1
655 1271 7
656 1390 4
656 1337 8
312 656 5
657 995 4
283 657 3
657 1824 1
657 1790 10
658 1792 3
430 658 4
5 658 9
658 1417 2
659 1682 4
98 659 5
659 1570 5
344 659 6
660 1203 10
660 1758 9
660 1764 4
660 831 7
661 874 10
189 661 6
133 661 3
662 1676 8
662 1596 6
662 1250 5
563 663 3
434 663 6
356 663 1
664 971 4
664 1711 10
664 1233 9
64 665 5
665 1485 1
15 665 5
516 665 9
524 666 7
207 666 3
666 1622 8
667 750 4
667 1938 7
667 858 7
668 1801 9
668 1351 3
668 699 5
669 1894 1
669 1367 10
291 669 5
670 1159 4
670 696 4
59 670 5
671 1681 4
664 671 4
671 1086 5
672 1953 8
98 672 2
672 1040 3
622 672 5
517 673 8
673 1374 9
673 1268 9
673 1654 10
351 674 3
674 1403 8
674 1321 7
672 674 6
675 1759 3
675 1243 7
675 1245 4
676 816 4
468 676 9
676 1950 6
677 927 10
556 677 8
677 958 3
677 1326 2
140 678 7
678 872 2
678 1493 6
678 1447 8
679 739 1
64 679 7
679 945 1
680 919 1
680 942 2
680 1866 3
67 681 1
681 695 8
681 1072 2
338 682 4
87 682 3
682 1974 3
682 1107 4
683 1115 3
362 683 10
683 1200 8
683 1749 3
684 1492 8
684 1799 1
684 1601 10
111 685 7
685 1155 4
685 1719 9
685 1873 3
686 1436 8
686 1558 6
686 1980 10
11 686 6
687 1190 6
687 1929 3
687 750 10
687 784 10
494 688 1
688 1310 4
688 813 8
688 1778 7
689 1668 3
689 961 5
689 1658 9
553 690 9
690 1463 7
690 1993 6
391 691 7
691 1751 2
691 1225 6
691 1890 9
592 692 2
4 692 6
692 1260 6
692 1753 9
693 1975 10
693 1449 6
117 693 4
693 891 9
694 1807 4
202 694 7
354 694 1
17 694 6
695 904 8
695 1086 8
329 695 8
642 695 5
696 1129 9
696 937 5
696 1463 8
696 734 2
697 1387 3
697 1974 7
499 697 9
698 766 3
698 1330 6
140 698 9
699 1877 7
677 699 10
699 955 2
700 1904 3
133 700 2
437 700 10
700 728 2
701 1085 1
701 1059 8
702 1349 8
411 702 3
702 860 8
134 702 1
11 703 7
616 703 1
703 1613 1
703 1216 8
704 1701 1
229 704 1
704 1791 3
705 1228 4
194 705 8
705 1782 9
706 1311 2
706 1631 2
706 1798 6
706 1563 8
707 1869 7
707 1051 3
707 1698 10
708 1490 1
62 708 3
708 1971 4
708 1824 4
709 839 1
709 1720 4
110 709 10
285 709 2
710 808 1
710 1809 5
249 710 9
711 1307 2
428 711 6
711 1960 2
711 848 1
712 920 4
398 712 7
327 712 10
288 712 8
713 1261 8
713 1613 9
713 1068 7
714 1580 6
714 1783 1
714 1405 9
714 1137 7
495 715 7
715 1640 4
715 1339 6
716 1942 5
716 1711 10
415 716 2
716 1218 8
277 717 4
717 1863 9
717 1239 5
717 1278 7
718 1460 3
138 718 1
718 1210 7
718 1445 8
719 1140 9
719 1824 6
719 1550 9
172 720 6
170 720 1
720 1143 6
721 1076 9
721 1718 8
721 1625 7
722 1034 10
722 1837 3
722 1759 9
722 1171 7
723 1161 7
723 925 6
451 723 8
723 1745 10
724 921 10
390 724 7
724 926 3
724 1844 8
511 725 3
725 1828 7
725 1936 8
726 1461 7
726 1474 5
726 1952 4
727 1000 1
727 1131 2
727 1247 9
73 727 8
728 864 10
565 728 2
728 1751 10
728 1420 4
322 729 2
729 1509 1
729 1049 6
730 1797 2
730 1407 3
730 1256 4
730 1102 7
731 906 6
264 731 10
731 1522 7
732 863 4
338 732 7
93 732 9
732 1549 8
733 1961 9
733 1043 1
733 1865 7
734 1626 5
734 1261 5
734 779 5
734 910 6
186 735 2
601 735 1
735 1197 7
736 1233 6
242 736 7
736 1245 3
737 1326 6
737 974 10
737 1115 10
187 737 5
738 1061 9
52 738 1
252 738 6
739 1874 2
739 791 8
739 1913 1
739 1623 10
740 1110 3
740 1251 7
740 1576 8
34 740 2
741 755 9
741 812 3
741 1774 1
356 741 3
548 742 7
742 1350 7
140 742 4
742 1699 8
39 743 4
306 743 4
405 743 1
744 1113 9
744 1863 10
51 744 7
745 1199 2
745 1549 6
631 745 8
666 746 6
746 1606 9
746 1713 8
747 1412 7
688 747 5
361 747 7
747 1769 10
748 985 3
748 1806 2
84 748 10
690 749 9
390 749 2
749 1085 3
749 848 4
750 1654 1
409 750 10
750 1779 1
751 1197 1
751 1288 10
718 751 10
506 752 7
752 1262 5
752 1947 7
753 1337 8
633 753 8
753 980 10
753 1101 10
754 1494 6
754 1824 4
754 1906 6
755 1390 4
755 1608 1
755 1064 7
439 755 3
756 1186 7
756 1849 6
703 756 4
756 822 3
757 902 5
757 1427 4
253 757 3
440 758 7
758 1752 8
758 1704 1
758 1737 10
759 768 4
274 759 10
367 759 10
760 1723 10
583 760 9
384 760 6
222 760 3
647 761 1
663 761 3
761 1092 1
761 1693 1
40 762 5
605 762 10
105 762 6
762 1249 9
763 809 8
763 991 7
763 821 3
489 763 2
247 764 7
764 1480 7
764 1173 1
765 777 5
82 765 1
765 1285 8
765 862 2
766 1344 8
209 766 4
766 1017 1
115 767 4
13 767 9
767 1735 3
768 1475 2
768 1765 7
360 768 1
308 768 10
753 769 4
769 890 1
769 1062 6
718 770 10
770 1210 8
394 770 1
770 1020 10
103 771 3
335 771 2
771 1016 7
771 1666 9
772 974 1
772 1334 4
759 772 5
773 1475 6
773 778 8
750 773 2
551 774 5
535 774 6
196 774 6
775 891 2
775 1608 9
202 775 6
220 776 6
776 1548 6
776 1925 4
777 1036 8
777 1218 2
777 1634 9
736 778 2
778 1009 8
778 1665 7
585 778 2
779 1679 5
779 1815 1
779 1034 10
539 780 2
780 1360 8
136 780 8
780 970 9
781 1960 9
781 1537 5
781 1236 1
683 781 9
782 1970 6
547 782 6
782 1869 2
587 782 6
227 783 1
783 1239 5
783 1251 2
784 1338 10
193 784 2
784 1988 9
785 876 6
567 785 6
397 785 3
103 785 9
110 786 9
480 786 2
299 786 10
786 1657 1
369 787 10
787 842 1
787 942 9
788 1612 2
788 1971 3
788 810 5
789 1917 5
789 1645 6
789 1818 1
790 1391 2
790 1663 5
790 894 6
790 1995 4
791 1994 3
246 791 7
791 1244 10
235 791 6
178 792 9
792 1457 1
175 792 8
792 1610 2
277 793 10
735 793 3
793 1953 7
793 1656 10
794 1971 5
794 1096 7
518 794 10
54 794 8
795 1595 5
795 872 1
795 824 2
557 795 6
796 1195 8
669 796 1
404 796 1
396 797 4
797 1864 3
64 797 8
375 797 10
798 1831 10
798 1874 9
798 1166 1
185 798 1
799 1286 6
799 815 4
799 802 4
800 929 5
800 1572 6
800 1345 9
801 880 5
486 801 8
411 801 2
801 1886 7
802 1697 2
802 1635 5
802 1983 1
676 802 8
803 1313 6
803 1302 6
803 1308 5
804 1775 8
804 1081 3
755 804 6
805 1109 4
1 805 3
805 1214 10
611 806 8
806 1931 7
806 1153 7
807 1829 5
807 1525 6
807 1881 8
807 1962 10
808 1359 7
808 841 3
788 808 7
809 1845 8
809 1012 9
809 1281 10
438 809 10
727 810 4
141 810 1
810 1619 1
811 1285 6
811 1908 7
811 1265 2
708 811 10
24 812 1
374 812 6
278 812 7
813 1687 1
813 1560 9
813 1329 9
814 1224 8
814 1742 6
814 1309 3
814 1925 2
362 815 10
166 815 8
815 1502 7
815 1116 5
816 1798 2
816 1119 9
816 1197 2
817 1947 3
817 1083 10
392 817 4
817 853 3
570 818 2
818 929 6
818 854 10
818 857 7
819 837 9
819 1673 6
819 1073 8
104 819 5
532 820 2
820 1228 1
380 820 3
83 820 2
821 1556 7
189 821 3
136 821 1
53 821 4
822 1982 4
661 822 2
822 1030 10
806 822 6
434 823 2
823 958 2
676 823 2
824 1676 5
736 824 10
485 824 4
824 1668 3
792 825 1
825 964 6
825 1524 2
826 1717 5
826 1961 10
826 1506 9
827 1580 5
578 827 2
827 1087 7
200 828 3
758 828 7
828 1393 7
829 1413 1
35 829 6
540 829 3
829 1051 5
583 830 2
830 1700 5
830 880 7
830 1664 8
831 1218 8
381 831 8
203 831 7
832 1837 7
832 1794 3
832 1722 9
833 1722 4
833 1553 4
277 833 5
834 1473 8
813 834 6
84 834 6
731 834 9
221 835 10
661 835 4
835 1976 7
836 1186 4
97 836 2
636 836 3
836 1871 5
444 837 8
837 861 5
494 837 2
33 838 5
72 838 8
751 838 6
218 838 7
839 1889 8
331 839 6
694 839 3
99 840 3
385 840 6
840 924 7
841 1170 3
609 841 3
126 841 4
841 1925 6
631 842 10
842 1606 3
842 956 7
685 843 6
843 1676 9
282 843 3
844 1686 2
423 844 2
844 1909 10
679 844 1
84 845 2
845 1253 3
845 1396 9
845 1588 6
846 1389 4
846 1544 7
846 1019 3
846 1031 5
399 847 7
492 847 3
847 1405 5
848 1476 4
848 896 9
555 848 9
592 848 8
849 1154 4
849 902 5
849 1130 4
484 849 4
830 850 3
702 850 4
428 850 3
850 964 8
851 1739 3
631 851 7
851 1380 7
851 1833 9
303 852 3
852 1610 5
339 852 7
852 928 4
344 853 10
853 1312 4
853 1451 7
16 854 6
478 854 2
854 1232 6
720 854 5
855 1656 5
855 1336 2
405 855 10
856 1589 3
171 856 9
620 856 2
857 1958 6
857 1983 3
857 1099 6
858 1104 2
858 1364 5
784 858 9
81 858 7
859 1211 4
248 859 10
859 1706 6
203 860 6
113 860 5
860 875 6
860 1825 10
861 1973 6
861 1018 3
360 861 8
528 861 4
815 862 1
862 1961 9
862 1156 6
460 862 2
863 1359 9
863 1651 1
863 931 7
863 1525 8
864 962 5
63 864 9
864 1807 9
864 1728 2
865 1377 1
215 865 1
865 927 6
175 866 5
748 866 6
45 866 4
347 866 4
867 1759 7
867 1642 8
867 1713 7
868 1900 2
868 1309 8
519 868 8
868 939 2
869 1051 7
869 1156 9
654 869 8
870 1678 6
870 1493 4
870 1649 1
849 870 6
871 1257 9
871 1588 4
156 871 1
871 1223 8
872 930 9
872 887 2
872 1129 4
872 1272 6
873 1602 2
669 873 9
599 873 8
675 874 9
874 1793 7
323 874 5
874 1133 4
456 875 10
225 875 2
875 1558 5
875 962 7
876 1535 8
876 1319 1
876 1865 10
876 1114 7
877 1222 9
75 877 6
413 877 6
641 878 10
878 1417 5
878 1744 3
879 1616 10
614 879 5
879 1753 9
879 1643 10
880 1240 9
880 976 6
867 880 1
17 881 6
881 1982 6
840 881 8
513 882 1
531 882 1
882 1514 7
449 883 3
711 883 7
883 1418 7
884 1413 8
884 1512 7
884 1325 9
544 885 2
707 885 3
596 885 2
885 1359 9
886 1861 2
886 1880 4
231 886 6
887 1615 7
887 1265 9
887 1964 6
887 1847 2
434 888 4
888 1455 1
14 888 9
304 888 6
889 1218 2
19 889 10
889 1681 1
890 1983 1
890 1536 7
890 1787 8
534 890 5
891 1212 9
857 891 10
891 1961 9
892 1135 6
892 1606 10
892 1384 3
714 893 4
893 1987 4
762 893 9
894 1905 4
894 1286 2
894 922 4
894 1998 7
172 895 9
895 1710 3
80 895 4
895 1040 5
506 896 3
659 896 3
896 1794 6
897 1627 3
41 897 3
897 1113 8
898 1468 4
89 898 1
898 1998 8
898 1846 1
867 899 3
899 1994 8
899 1845 5
900 1356 3
757 900 6
134 900 2
900 1121 3
565 901 5
901 921 9
771 901 1
901 1499 7
902 1889 5
449 902 9
902 1806 2
902 955 9
254 903 5
441 903 10
903 1182 7
236 903 8
787 904 9
615 904 9
904 1236 10
905 1266 3
512 905 6
905 918 4
655 905 3
906 1095 10
383 906 3
399 906 1
225 907 3
487 907 8
907 1270 6
90 908 5
908 1275 8
908 1885 2
908 1156 9
378 909 1
895 909 9
214 909 3
910 1888 8
910 1032 3
910 1399 4
414 910 8
911 998 7
911 1416 9
321 911 4
711 911 9
912 1768 4
864 912 8
912 1601 3
7 912 5
913 1656 1
913 1792 10
913 1748 1
372 914 2
914 1436 8
914 1301 6
914 1785 8
54 915 2
915 1587 8
109 915 1
882 916 6
162 916 6
916 1799 1
129 916 10
917 1989 3
447 917 9
272 917 1
813 918 7
918 1249 5
918 982 6
548 919 2
235 919 8
558 919 7
920 1795 1
920 1233 1
765 920 5
895 921 5
921 1010 5
556 921 8
922 1180 10
922 1085 6
922 1445 7
779 923 4
923 1826 10
923 1866 4
424 924 2
595 924 3
924 1391 1
882 924 7
925 1714 4
925 990 5
288 925 9
926 1262 9
442 926 10
926 1424 10
926 1738 9
927 1811 7
927 1050 9
927 1531 10
454 927 3
928 1026 6
696 928 9
928 1243 4
647 929 4
698 929 8
929 1502 2
930 932 6
930 1953 9
617 930 2
930 1296 9
62 931 1
931 1180 4
931 960 8
932 1476 4
932 1672 6
932 1274 7
932 1138 9
933 1093 8
850 933 6
933 1530 4
933 1880 7
588 934 4
934 1747 6
513 934 1
255 935 3
935 1893 8
769 935 1
935 1044 6
936 1921 10
936 1771 10
657 936 7
504 936 7
937 1452 8
937 991 3
43 937 9
568 938 6
938 1805 4
397 938 6
939 1532 1
939 1256 4
788 940 8
925 940 8
510 940 7
196 941 1
163 941 5
292 941 1
76 941 5
942 1124 8
942 1965 2
54 942 9
669 942 2
201 943 2
695 943 5
746 943 10
943 1995 6
544 944 7
944 960 2
192 944 3
945 1277 6
917 945 6
421 945 6
829 945 1
946 1100 6
946 1679 2
946 1588 1
802 947 8
947 1529 9
216 947 5
948 1192 9
948 1029 5
172 948 5
656 948 10
949 1453 9
908 949 6
23 949 10
897 949 7
950 1622 8
950 1663 2
157 950 6
13 950 5
951 1913 1
951 1390 7
434 951 2
938 952 4
952 1902 7
422 952 6
130 953 6
953 1627 7
454 953 5
954 1995 10
954 1849 9
954 1710 9
75 955 3
214 955 9
274 955 6
708 956 9
956 1966 9
956 1751 1
525 957 8
957 1696 8
42 957 4
848 958 9
958 1027 5
699 958 9
854 958 10
850 959 7
618 959 6
959 1176 3
814 960 3
960 1142 2
302 960 4
599 961 1
679 961 6
777 961 4
961 1619 2
962 1819 1
962 1118 9
899 962 3
837 963 6
467 963 7
592 963 4
700 963 5
964 1005 9
964 1590 8
1 964 5
964 1906 2
554 965 1
965 1400 6
965 1543 3
344 965 5
966 1214 6
765 966 6
966 1302 1
758 967 3
967 1307 2
498 967 7
968 1606 10
475 968 10
968 1355 5
969 1682 1
969 982 3
165 969 7
861 970 1
970 1549 6
205 970 5
970 1272 10
936 971 1
971 1138 4
781 971 7
972 1949 5
972 1122 7
972 1553 8
972 1862 6
973 1502 1
973 1594 10
973 1496 2
880 973 9
974 1307 4
215 974 10
4 974 2
974 975 1
110 975 8
975 1948 3
408 975 4
976 1185 9
976 1126 10
976 1436 8
406 977 2
977 1273 3
977 1934 5
187 978 4
978 1635 5
393 978 10
979 1908 7
979 1887 10
979 1073 7
979 1193 3
980 1489 8
980 1531 8
418 980 8
605 980 5
188 981 9
981 1627 4
981 1804 8
310 981 8
982 1416 3
982 1096 2
623 982 3
983 994 6
983 1419 8
617 983 1
28 983 7
984 996 6
1 984 4
431 984 5
141 984 10
616 985 6
471 985 9
985 1855 9
217 986 5
38 986 1
986 1086 10
573 987 9
373 987 2
190 987 5
988 1223 3
988 1234 5
55 988 7
951 988 9
989 1953 6
989 1985 7
443 989 1
704 989 1
990 1728 9
990 1602 7
797 990 9
990 1740 8
931 991 8
991 1268 1
991 1250 1
827 992 8
992 1363 9
325 992 3
83 992 1
859 993 7
993 1639 5
993 1776 2
993 1644 5
994 1163 2
143 994 4
290 994 8
186 994 8
296 995 10
995 1647 4
995 1098 5
995 1708 7
996 1171 10
996 1592 1
171 996 9
87 997 7
997 1363 4
997 1310 9
998 1763 2
149 998 4
871 998 8
999 1148 7
994 999 9
999 1329 3
1000 1390 10
1000 1026 4
280 1000 2
803 1001 10
845 1001 3
856 1001 1
1001 1326 9
572 1002 3
492 1002 5
687 1002 4
1003 1410 2
1003 1097 7
11 1003 10
848 1003 7
169 1004 3
1004 1434 3
933 1004 10
1004 1605 6
848 1005 4
1005 1427 7
213 1005 9
1005 1098 8
524 1006 6
1006 1913 9
1006 1297 7
53 1007 1
866 1007 4
76 1007 8
1007 1423 1
225 1008 7
843 1008 3
1008 1811 3
1008 1382 7
1009 1908 10
1009 1547 10
919 1009 10
1009 1883 5
521 1010 4
1010 1843 10
508 1010 4
1011 1761 10
1011 1567 7
1011 1449 1
113 1011 6
296 1012 9
1012 1997 1
1012 1146 10
291 1012 9
1013 1650 8
188 1013 6
591 1013 3
1014 1046 6
1014 1368 5
80 1014 8
1014 1667 10
1015 1204 2
207 1015 8
418 1015 5
1016 1707 3
1016 1996 4
331 1016 8
423 1016 2
560 1017 10
174 1017 2
1017 1864 4
549 1017 2
103 1018 3
201 1018 2
533 1018 6
975 1018 5
644 1019 4
369 1019 1
1019 1952 4
1020 1157 7
1020 1597 2
317 1020 7
927 1021 1
1021 1645 4
1021 1346 5
104 1021 10
1022 1498 1
773 1022 3
1022 1868 1
1023 1742 5
1023 1751 4
1023 1706 6
664 1024 4
1024 1572 4
1024 1146 1
1025 1287 10
912 1025 5
664 1025 9
1025 1479 9
481 1026 10
810 1026 5
651 1026 9
1026 1354 10
98 1027 4
1027 1588 8
668 1027 5
1028 1881 10
1028 1787 10
1028 1431 7
667 1028 1
303 1029 5
160 1029 3
384 1029 1
1003 1030 1
1030 1869 7
610 1030 4
516 1030 5
1031 1129 3
183 1031 10
587 1031 7
128 1032 4
1032 1762 10
1032 1782 10
511 1032 3
127 1033 4
867 1033 2
615 1033 6
1033 1867 8
1034 1873 8
1034 1280 2
891 1034 7
566 1035 10
372 1035 6
845 1035 6
1036 1989 8
1036 1192 4
1036 1299 6
1036 1455 5
1037 1300 4
1037 1045 6
1037 1438 5
1038 1495 1
1038 1971 8
231 1038 6
806 1039 2
274 1039 9
1039 1286 2
285 1039 2
802 1040 6
1040 1935 4
870 1040 4
1041 1052 4
793 1041 10
1041 1311 4
1041 1714 6
1042 1204 10
1042 1557 8
1042 1664 3
1043 1797 9
123 1043 6
440 1043 9
706 1043 5
1044 1521 1
16 1044 2
635 1044 7
1044 1795 9
244 1045 2
934 1045 9
1045 1819 6
1045 1514 9
1046 1302 5
1046 1265 6
433 1046 4
1047 1868 6
779 1047 5
1047 1630 3
447 1047 3
838 1048 8
1048 1917 6
1048 1187 9
1048 1229 2
1049 1540 1
919 1049 5
1049 1320 5
1050 1956 2
956 1050 10
396 1050 8
1051 1422 7
1051 1183 5
449 1051 1
278 1051 1
1052 1787 10
1052 1805 7
49 1052 7
1053 1603 9
1053 1259 6
685 1053 10
1053 1069 4
1054 1232 10
1054 1276 9
1054 1676 4
1054 1402 6
806 1055 7
698 1055 7
96 1055 9
1056 1877 6
550 1056 7
1056 1062 10
1056 1881 3
1057 1108 8
1057 1300 8
771 1057 9
1057 1761 3
1058 1390 2
1058 1702 3
1058 1636 1
572 1059 10
1059 1387 1
1059 1339 4
1059 1249 8
1060 1527 2
974 1060 9
1060 1473 4
517 1060 2
1046 1061 5
1061 1184 9
1061 1798 1
1062 1299 3
1062 1342 8
1062 1825 4
1063 1294 4
1063 1583 6
348 1063 3
352 1063 4
1064 1133 8
120 1064 10
883 1064 10
1064 1810 10
136 1065 6
1065 1195 5
767 1065 6
1065 1586 3
873 1066 8
733 1066 8
1066 1293 9
278 1067 7
557 1067 4
679 1067 9
219 1068 9
1068 1427 5
377 1068 10
765 1069 6
1069 1100 1
12 1069 8
1069 1706 9
1070 1146 4
1070 1688 10
612 1070 2
1070 1998 6
816 1071 3
947 1071 9
1071 1810 8
1072 1551 6
1072 1873 1
1072 1136 9
1045 1072 5
1073 1358 7
877 1073 5
1073 1176 10
1074 1999 10
441 1074 5
1074 1941 10
1075 1905 9
1075 1843 5
1075 1456 6
971 1075 6
518 1076 9
189 1076 6
1076 1306 7
316 1077 5
447 1077 4
360 1077 6
464 1077 3
1078 1424 5
1078 1290 8
155 1078 10
1079 1763 5
1079 1178 10
792 1079 10
700 1080 9
842 1080 10
675 1080 1
1081 1896 7
1081 1772 6
362 1081 4
826 1082 8
996 1082 3
771 1082 8
927 1083 9
645 1083 3
1083 1665 4
262 1083 8
1084 1708 8
993 1084 2
47 1084 9
1084 1403 6
220 1085 10
611 1085 3
1085 1132 2
540 1086 8
715 1086 4
916 1086 7
1087 1795 3
1087 1985 1
207 1087 10
532 1088 8
1088 1426 6
1088 1210 4
1088 1545 5
1089 1461 5
1089 1700 3
1089 1768 5
1090 1880 7
1090 1983 6
92 1090 2
334 1090 5
718 1091 10
858 1091 6
1091 1618 8
1092 1926 5
983 1092 9
379 1092 10
1093 1432 3
936 1093 5
415 1093 7
120 1094 8
1094 1097 4
1094 1884 10
218 1095 4
1095 1105 7
1095 1595 5
1095 1862 6
1096 1672 4
349 1096 6
1096 1332 2
1096 1536 5
1097 1879 4
1097 1997 7
1097 1779 8
766 1097 7
1098 1222 4
1098 1655 10
1098 1171 2
108 1099 9
350 1099 3
1099 1743 7
1100 1587 6
1001 1100 2
1100 1928 1
441 1101 10
1101 1428 1
1101 1415 1
160 1101 4
626 1102 6
1102 1581 5
684 1102 4
1071 1103 4
1103 1747 2
1103 1535 1
1103 1567 2
415 1104 5
700 1104 4
124 1104 9
1104 1137 4
1105 1927 1
1098 1105 10
1105 1194 8
1106 1301 9
404 1106 9
61 1106 2
1107 1626 9
1107 1182 4
1107 1210 1
1107 1394 3
629 1108 5
1108 1860 4
1108 1802 8
1108 1999 4
1011 1109 2
1109 1716 8
518 1109 7
1109 1859 10
549 1110 3
1110 1863 9
219 1110 4
1111 1732 5
242 1111 10
138 1111 10
182 1112 1
1112 1565 8
969 1112 5
246 1113 9
821 1113 6
1113 1485 3
1114 1696 4
44 1114 8
815 1114 8
555 1114 5
48 1115 10
989 1115 3
598 1115 8
402 1115 1
374 1116 6
1116 1998 4
540 1116 9
1116 1942 1
257 1117 8
1117 1246 1
1117 1706 10
303 1118 7
1066 1118 2
23 1118 10
1119 1142 9
253 1119 3
1119 1377 6
1119 1502 9
477 1120 8
1077 1120 10
1120 1417 10
1120 1189 10
1121 1199 8
390 1121 6
38 1121 8
675 1122 6
419 1122 9
1122 1524 1
1123 1422 5
636 1123 2
1123 1291 9
1025 1124 8
1124 1226 3
689 1124 5
1124 1473 1
1125 1453 10
1125 1833 4
334 1125 2
1125 1392 6
7 1126 7
1126 1596 2
1049 1126 1
1127 1685 7
456 1127 9
1127 1266 7
353 1127 5
807 1128 6
868 1128 1
1128 1505 5
935 1129 8
1129 1929 2
540 1129 2
1129 1868 10
887 1130 6
1130 1564 7
1130 1176 3
1130 1973 3
1131 1301 2
676 1131 6
157 1131 4
1132 1432 2
1095 1132 8
957 1132 9
1133 1626 10
198 1133 8
431 1133 9
464 1134 6
993 1134 9
1134 1593 2
1135 1566 7
1135 1281 9
397 1135 10
554 1136 3
1136 1689 7
36 1136 7
1136 1275 6
1137 1852 3
1137 1426 3
1137 1491 10
820 1137 10
478 1138 3
1054 1138 2
964 1138 5
1138 1638 1
858 1139 8
247 1139 6
1093 1139 2
126 1139 2
1140 1263 7
1140 1895 3
910 1140 10
1140 1358 3
1141 1920 6
511 1141 4
1141 1315 4
1142 1386 10
304 1142 7
411 1142 2
586 1142 1
671 1143 4
1143 1354 1
1143 1474 6
533 1144 3
697 1144 6
1144 1721 8
1144 1460 4
1145 1945 7
921 1145 1
952 1145 1
998 1145 2
375 1146 6
1146 1818 4
935 1146 1
979 1147 7
1147 1487 6
972 1147 3
1147 1690 5
1148 1486 9
1148 1356 7
683 1148 5
1148 1243 1
855 1149 3
229 1149 6
1149 1806 3
1150 1976 7
128 1150 7
583 1150 8
70 1151 5
1027 1151 3
1151 1955 2
1151 1623 2
979 1152 10
1085 1152 6
1152 1982 8
324 1152 10
554 1153 5
608 1153 3
327 1153 10
688 1153 4
26 1154 9
1036 1154 2
1154 1578 1
1108 1154 1
1155 1962 4
1155 1400 4
854 1155 10
1155 1800 3
1156 1567 7
14 1156 9
1156 1452 10
1156 1577 5
1157 1378 5
1013 1157 8
1157 1231 2
1158 1312 10
347 1158 4
351 1158 6
735 1158 7
1159 1450 1
1159 1847 2
1159 1302 1
818 1159 2
139 1160 6
96 1160 9
170 1160 7
1160 1446 7
1105 1161 8
422 1161 1
622 1161 4
147 1161 6
454 1162 3
1162 1450 3
1162 1932 3
1163 1183 8
329 1163 5
1090 1163 7
845 1163 6
913 1164 8
0 1164 2
1164 1344 2
301 1165 6
1165 1968 6
1165 1548 6
772 1166 3
1166 1504 5
1084 1166 10
1093 1167 5
346 1167 5
30 1167 7
1143 1167 6
607 1168 9
501 1168 1
499 1168 6
1168 1213 6
1169 1889 4
1169 1774 8
751 1169 7
1170 1673 4
1170 1488 10
442 1170 8
118 1171 6
1171 1976 10
1171 1783 2
667 1172 2
813 1172 9
1172 1391 3
604 1173 1
1173 1511 6
615 1173 8
283 1173 7
845 1174 2
1174 1439 4
500 1174 4
1054 1175 2
1175 1978 4
500 1175 3
854 1175 8
1176 1285 1
1176 1597 9
962 1176 4
473 1177 9
1177 1302 4
1113 1177 1
310 1178 5
688 1178 7
1178 1264 2
979 1178 2
957 1179 5
125 1179 2
1179 1260 3
546 1180 5
1180 1449 5
1180 1750 4
437 1181 10
390 1181 10
52 1181 6
1111 1181 2
1182 1875 10
1162 1182 3
910 1182 4
534 1183 3
569 1183 2
874 1183 10
1183 1365 7
409 1184 9
302 1184 1
1184 1291 4
597 1184 1
688 1185 3
811 1185 10
233 1185 8
27 1185 5
1186 1519 5
984 1186 5
371 1186 9
603 1186 3
432 1187 1
1091 1187 9
1187 1509 2
21 1188 5
1188 1675 9
495 1188 2
1189 1779 3
1189 1810 6
771 1189 8
1190 1614 9
776 1190 1
1190 1742 10
88 1190 8
453 1191 10
333 1191 7
289 1191 6
1191 1867 2
1192 1481 10
1187 1192 9
410 1192 6
204 1193 8
1177 1193 8
1193 1196 9
904 1194 7
1194 1891 9
1095 1194 2
1194 1695 2
1177 1195 5
1032 1195 7
1195 1209 10
1196 1426 4
1196 1349 6
1196 1413 2
1197 1873 6
1170 1197 3
1197 1994 7
935 1198 4
1198 1467 9
973 1198 6
1198 1509 10
646 1199 9
962 1199 9
1199 1664 3
1200 1234 1
15 1200 4
915 1200 9
1077 1201 5
1201 1713 8
1056 1201 8
927 1202 5
589 1202 8
524 1202 3
34 1203 4
1203 1258 3
781 1203 1
446 1204 5
1204 1992 3
1046 1204 8
313 1205 9
14 1205 4
1205 1442 9
850 1206 8
1206 1308 1
782 1206 10
1207 1306 3
891 1207 3
395 1207 2
1076 1207 10
139 1208 8
170 1208 2
359 1208 7
491 1208 10
631 1209 5
1209 1625 4
1209 1774 10
1210 1561 9
1210 1405 6
1210 1877 5
2 1210 2
46 1211 10
378 1211 4
318 1211 3
1211 1262 6
1212 1745 7
838 1212 9
1036 1212 3
1082 1213 10
1213 1644 9
1213 1369 1
769 1213 10
1214 1465 7
1214 1664 10
1214 1620 2
217 1214 10
1215 1340 8
1215 1372 5
1215 1724 5
1216 1432 5
1216 1288 1
1216 1609 1
658 1217 5
1110 1217 8
1217 1776 3
454 1218 10
955 1218 9
220 1218 8
437 1219 7
1219 1931 9
415 1219 4
732 1219 2
1220 1784 4
834 1220 6
744 1220 4
285 1220 9
789 1221 2
1221 1481 7
693 1221 10
1221 1372 5
1222 1842 5
1222 1443 4
1222 1751 2
1223 1881 7
1088 1223 7
37 1223 9
1102 1223 4
527 1224 8
1224 1719 3
407 1224 3
868 1225 6
520 1225 2
567 1225 3
1083 1226 5
321 1226 10
1226 1587 6
362 1226 5
1227 1909 4
1227 1624 9
903 1227 10
179 1228 7
20 1228 9
419 1228 9
1070 1228 4
428 1229 6
1229 1562 6
1137 1229 10
1223 1230 2
1230 1309 3
1230 1316 3
1231 1974 4
52 1231 2
583 1231 8
1030 1231 6
988 1232 8
1232 1736 10
347 1232 9
348 1233 7
1233 1729 1
581 1233 9
1012 1234 2
1234 1370 4
1234 1956 9
697 1234 6
630 1235 10
1235 1668 5
906 1235 9
761 1235 5
680 1236 3
1236 1798 1
1236 1990 3
1237 1929 3
1237 1638 1
1230 1237 8
24 1238 1
548 1238 3
878 1238 8
243 1239 9
1126 1239 2
1239 1794 5
961 1239 6
1240 1352 8
312 1240 1
967 1240 3
695 1241 2
1241 1796 4
1094 1241 10
1242 1320 4
643 1242 9
1242 1735 2
1242 1818 5
46 1243 3
380 1243 3
1243 1476 5
747 1243 7
686 1244 1
196 1244 5
1244 1922 1
506 1245 10
1035 1245 1
1245 1508 9
920 1245 4
1141 1246 9
354 1246 10
964 1246 2
1246 1357 7
1247 1549 5
898 1247 9
1192 1247 5
812 1248 3
1248 1340 5
824 1248 1
953 1249 8
1192 1249 2
1249 1267 6
1250 1748 9
1250 1426 5
1250 1269 1
626 1251 7
482 1251 8
682 1251 1
1252 1874 7
861 1252 7
168 1252 3
1252 1773 5
1253 1365 9
1253 1321 1
1111 1253 9
1188 1254 9
1254 1685 5
1142 1254 7
1005 1254 1
1255 1803 5
459 1255 9
986 1255 7
662 1256 8
1256 1751 3
1049 1256 7
1257 1293 4
1177 1257 7
855 1257 9
1257 1554 3
242 1258 10
443 1258 8
1258 1925 1
209 1259 6
1259 1764 1
793 1259 1
1006 1259 9
206 1260 2
947 1260 6
1260 1837 5
901 1260 1
1261 1867 7
1261 1292 5
1220 1261 1
368 1261 1
105 1262 8
1262 1715 6
327 1262 2
379 1262 10
1263 1481 9
674 1263 5
1263 1264 8
871 1264 5
20 1264 5
255 1264 3
893 1265 7
1265 1766 4
1265 1436 5
1266 1352 3
423 1266 8
1207 1266 3
1090 1266 9
1267 1907 10
1267 1859 4
666 1267 6
1267 1921 1
1097 1268 1
471 1268 5
1268 1904 6
597 1268 1
1063 1269 10
1269 1420 9
1269 1361 3
1269 1791 1
1245 1270 2
1270 1861 8
130 1270 1
258 1270 6
1271 1734 7
1271 1510 4
786 1271 2
490 1272 8
424 1272 9
1220 1272 8
1229 1273 8
1273 1871 3
1141 1273 6
74 1273 3
1274 1945 4
1274 1307 8
206 1274 9
504 1275 5
1275 1531 6
437 1275 8
758 1275 6
1276 1757 10
248 1276 8
1276 1827 2
956 1277 3
1277 1852 1
989 1277 8
250 1278 5
88 1278 10
652 1278 7
495 1279 3
1279 1831 7
1279 1869 1
696 1279 8
1280 1856 8
1280 1487 5
1280 1714 5
625 1281 4
1281 1829 8
1073 1281 10
756 1281 8
981 1282 8
1282 1330 4
1282 1673 1
128 1282 7
506 1283 8
314 1283 5
377 1283 3
1283 1410 5
1284 1514 1
134 1284 2
1284 1805 10
903 1284 6
74 1285 2
1121 1285 6
372 1285 10
357 1286 3
687 1286 6
1286 1350 2
1286 1344 9
898 1287 6
27 1287 10
239 1287 9
175 1287 2
1249 1288 8
793 1288 3
564 1288 8
307 1289 10
425 1289 1
598 1289 3
772 1290 3
1290 1875 4
1023 1290 2
1223 1290 1
700 1291 10
1291 1482 2
1291 1647 9
1062 1291 3
639 1292 8
1292 1763 6
1292 1805 2
1292 1863 5
895 1293 5
720 1293 3
1293 1976 5
451 1294 8
82 1294 7
1159 1294 5
726 1294 9
17 1295 9
396 1295 1
940 1295 6
1296 1769 9
1296 1627 5
111 1296 3
180 1296 10
1297 1384 3
1021 1297 4
16 1297 4
516 1297 7
543 1298 6
519 1298 2
226 1298 9
1298 1639 5
1071 1299 7
1299 1662 3
895 1299 3
470 1300 5
963 1300 3
1125 1300 3
739 1300 8
452 1301 7
607 1301 1
902 1301 3
1302 1519 5
1302 1837 6
704 1302 9
1302 1579 1
705 1303 5
393 1303 2
157 1303 8
423 1303 4
1304 1425 9
1235 1304 5
958 1304 10
754 1305 9
641 1305 7
1305 1490 7
936 1306 6
1273 1306 3
873 1306 3
703 1306 5
1307 1779 1
1307 1511 9
1089 1307 5
271 1308 2
1308 1872 7
1308 1876 1
167 1308 7
1309 1435 8
1309 1592 9
694 1309 10
1310 1739 3
559 1310 6
1310 1597 5
1311 1507 6
311 1311 9
34 1311 1
1304 1311 8
1015 1312 2
1312 1882 4
133 1312 3
69 1313 10
277 1313 4
1313 1467 4
386 1314 6
229 1314 8
380 1314 7
911 1314 2
656 1315 6
703 1315 3
237 1315 10
1315 1770 4
1073 1316 7
1316 1322 8
898 1316 3
1316 1628 8
1317 1642 8
67 1317 8
1293 1317 3
942 1318 5
1318 1535 4
388 1318 1
873 1319 7
256 1319 3
635 1319 9
76 1319 5
924 1320 8
1010 1320 3
1320 1799 10
1261 1320 4
168 1321 2
1321 1760 4
93 1321 9
755 1321 9
960 1322 7
576 1322 5
1322 1921 3
430 1322 6
808 1323 2
554 1323 10
735 1323 2
1270 1323 10
1324 1909 2
1324 1638 3
339 1324 10
505 1325 5
122 1325 1
1325 1354 9
402 1326 7
747 1326 6
1326 1610 8
411 1326 10
574 1327 6
596 1327 3
946 1327 9
571 1327 2
742 1328 2
1328 1373 5
280 1328 8
291 1328 7
1329 1551 4
332 1329 5
1329 1787 9
463 1330 9
400 1330 7
1330 1797 8
1330 1800 4
1331 1814 2
1331 1904 7
1331 1844 5
1332 1875 8
1266 1332 8
137 1332 8
639 1333 2
1219 1333 2
1333 1585 9
1161 1334 4
409 1334 2
1334 1399 7
651 1334 3
337 1335 7
515 1335 2
104 1335 2
977 1335 6
1087 1336 4
1336 1446 5
761 1336 5
1336 1863 3
1186 1337 10
914 1337 6
1320 1337 8
1304 1337 5
1338 1862 6
391 1338 7
222 1338 10
1338 1793 6
504 1339 6
151 1339 4
1232 1339 7
808 1340 8
1226 1340 4
1041 1340 3
1341 1553 9
1341 1456 4
1135 1341 1
459 1341 7
344 1342 8
252 1342 9
1179 1342 6
1343 1745 3
231 1343 9
345 1343 6
1344 1939 4
422 1344 7
1344 1646 6
1345 1855 9
700 1345 2
594 1345 8
1053 1346 5
1346 1749 1
1346 1583 3
1020 1346 3
1106 1347 8
949 1347 10
755 1347 8
1347 1504 1
479 1348 5
1104 1348 6
1299 1348 7
1020 1349 7
1349 1643 5
644 1349 9
1158 1350 9
1121 1350 2
170 1350 3
1350 1856 8
363 1351 10
1290 1351 2
1166 1351 7
1104 1352 7
17 1352 10
103 1352 9
317 1352 7
774 1353 10
654 1353 1
850 1353 5
1018 1354 6
373 1354 9
1289 1354 10
890 1355 6
1355 1628 3
416 1355 5
30 1355 10
1356 1656 9
460 1356 1
986 1356 10
196 1356 8
627 1357 4
25 1357 8
1059 1357 6
847 1357 8
387 1358 7
260 1358 6
738 1358 8
125 1358 1
1272 1359 4
1274 1359 4
1359 1661 3
335 1359 2
1360 1464 10
310 1360 1
949 1360 4
1360 1745 9
1361 1403 7
962 1361 5
13 1361 9
46 1361 1
1362 1604 9
819 1362 10
260 1362 5
1362 1556 4
500 1363 9
1363 1907 2
1363 1582 10
1364 1654 1
789 1364 3
308 1364 5
1155 1364 7
941 1365 3
1316 1365 10
1365 1514 6
502 1366 8
1225 1366 3
861 1366 2
897 1366 8
1015 1367 8
65 1367 1
188 1367 1
604 1367 9
356 1368 9
195 1368 4
1017 1368 4
1156 1368 2
496 1369 8
1369 1587 2
742 1369 7
1370 1856 1
149 1370 5
537 1370 4
496 1371 1
719 1371 7
1371 1710 5
1106 1371 3
1372 1837 8
1372 1896 5
1372 1963 3
685 1373 1
1114 1373 5
1373 1692 9
953 1373 3
143 1374 3
819 1374 1
1374 1697 9
1374 1529 8
565 1375 10
1336 1375 3
321 1375 9
1231 1376 7
715 1376 7
669 1376 5
583 1376 2
1207 1377 6
1377 1969 1
378 1377 5
292 1378 4
1336 1378 10
1378 1793 8
238 1378 4
549 1379 10
1379 1806 2
510 1379 6
126 1380 3
0 1380 8
676 1380 4
437 1381 3
1034 1381 7
655 1381 5
440 1381 9
1382 1645 7
397 1382 9
1382 1863 6
1383 1646 8
33 1383 5
408 1383 4
1214 1384 1
1384 1502 7
169 1384 2
590 1385 9
643 1385 6
1374 1385 9
1385 1389 7
1386 1798 2
1255 1386 6
1249 1386 2
1183 1386 4
720 1387 8
1273 1387 1
1070 1387 6
694 1387 3
612 1388 5
1131 1388 4
1204 1388 10
1181 1389 6
1389 1407 4
1389 1991 7
1390 1802 4
1268 1390 4
1094 1390 4
1390 1897 6
424 1391 10
1355 1391 7
934 1391 2
291 1391 5
1257 1392 6
126 1392 2
1116 1392 4
1392 1643 2
566 1393 5
1393 1658 10
1086 1393 4
842 1394 1
1394 1711 10
1394 1995 7
1394 1515 5
1395 1713 2
1395 1695 7
1357 1395 10
375 1396 8
75 1396 2
1396 1422 1
785 1396 5
69 1397 5
627 1397 9
708 1397 5
1398 1788 8
1398 1441 4
1184 1398 7
478 1399 2
143 1399 6
1378 1399 1
1343 1400 6
774 1400 9
1400 1719 7
504 1401 2
828 1401 4
687 1401 6
1395 1402 1
783 1402 4
587 1402 5
1319 1402 4
1403 1991 4
554 1403 5
1403 1479 3
1065 1404 6
214 1404 10
1046 1404 4
886 1405 8
1 1405 6
1362 1405 9
1406 1444 5
512 1406 8
1406 1619 3
1290 1407 6
1407 1984 4
881 1407 1
360 1408 3
106 1408 6
450 1408 1
1408 1617 9
5 1409 7
1394 1409 7
1153 1409 7
694 1409 7
1130 1410 1
780 1410 3
992 1410 5
920 1411 1
26 1411 2
811 1411 6
1412 1985 4
290 1412 8
1275 1412 8
987 1412 1
74 1413 5
622 1413 10
31 1413 10
583 1414 10
148 1414 6
1414 1901 1
1414 1651 7
1415 1924 3
213 1415 8
1169 1415 9
1416 1773 10
212 1416 9
1416 1628 2
245 1417 8
555 1417 8
1417 1557 7
536 1417 5
1418 1688 3
1418 1589 10
1418 1805 2
569 1419 6
1259 1419 4
604 1419 10
213 1419 9
1420 1934 3
1420 1602 4
144 1420 4
121 1421 10
1027 1421 1
377 1421 5
1422 1899 3
1211 1422 2
1193 1422 9
1082 1422 2
599 1423 3
1073 1423 4
1423 1821 7
375 1424 2
176 1424 9
1136 1424 1
1213 1424 5
652 1425 2
1176 1425 1
1425 1887 4
1281 1425 2
1122 1426 8
655 1426 7
818 1426 4
210 1427 7
1062 1427 5
952 1427 7
1111 1427 6
1428 1441 2
1428 1846 6
605 1428 10
929 1429 8
689 1429 9
1429 1890 4
660 1429 8
49 1430 3
706 1430 8
777 1430 4
1429 1430 4
165 1431 8
274 1431 8
273 1431 1
1432 1934 7
1432 1725 3
637 1432 4
805 1433 5
1341 1433 8
397 1433 4
576 1433 6
760 1434 2
1434 1621 8
1434 1466 4
1094 1435 1
80 1435 1
1197 1435 4
268 1436 10
1166 1436 4
1436 1883 5
56 1437 2
1437 1453 1
8 1437 3
585 1438 10
858 1438 8
2 1438 2
1235 1438 10
1439 1567 4
155 1439 8
636 1439 5
156 1440 5
992 1440 4
670 1440 8
400 1441 5
440 1441 6
1386 1441 1
408 1441 2
1442 1509 10
1435 1442 3
1442 1531 1
981 1442 8
1443 1896 5
589 1443 3
681 1443 2
689 1443 6
364 1444 8
1444 1513 4
428 1444 10
635 1444 4
1435 1445 4
376 1445 4
903 1445 9
608 1445 6
1446 1630 9
1428 1446 10
1446 1996 4
808 1446 10
102 1447 1
91 1447 8
1447 1934 2
129 1448 10
1401 1448 7
1448 1884 9
1449 1630 6
76 1449 6
93 1449 7
1449 1652 5
1400 1450 5
886 1450 7
1450 1589 7
675 1451 9
199 1451 10
888 1451 6
1451 1590 1
841 1452 5
82 1452 8
1182 1452 7
199 1453 3
1453 1944 5
99 1453 7
400 1453 8
1454 1585 4
1097 1454 5
402 1454 7
550 1455 7
969 1455 9
411 1455 2
1378 1456 3
177 1456 1
829 1456 2
798 1456 10
1457 1861 4
555 1457 3
1457 1782 9
1457 1781 1
1458 1785 10
67 1458 10
306 1458 10
1089 1458 3
880 1459 6
501 1459 4
373 1459 6
186 1460 8
51 1460 5
1460 1676 3
1461 1861 1
1461 1995 9
1461 1643 9
1462 1780 8
1462 1490 10
363 1462 3
1408 1462 8
640 1463 4
556 1463 4
668 1463 2
854 1464 9
1195 1464 10
976 1464 10
1036 1464 1
898 1465 6
1261 1465 2
663 1465 5
321 1465 4
640 1466 9
639 1466 1
736 1466 4
1393 1466 2
196 1467 10
763 1467 3
554 1467 4
887 1467 6
748 1468 2
582 1468 3
1031 1468 10
1469 1924 4
130 1469 6
208 1469 10
1237 1469 7
1470 1990 3
1045 1470 4
115 1470 8
1471 1815 1
1271 1471 2
1471 1825 1
1466 1471 8
1472 1599 10
1472 1795 2
271 1472 1
555 1472 7
1153 1473 5
731 1473 1
1473 1610 2
695 1474 8
115 1474 1
776 1474 8
186 1475 9
50 1475 2
181 1475 9
1475 1581 5
1476 1732 10
451 1476 4
1179 1476 7
902 1477 2
1023 1477 4
1254 1477 5
717 1477 7
846 1478 3
843 1478 3
149 1478 2
160 1478 10
523 1479 3
92 1479 5
496 1479 1
189 1479 6
192 1480 8
1369 1480 5
869 1480 2
977 1480 5
1481 1963 4
1473 1481 7
769 1481 6
840 1481 4
661 1482 6
248 1482 7
1482 1779 3
235 1483 10
1240 1483 5
236 1483 4
203 1484 4
923 1484 5
1206 1484 3
279 1484 4
202 1485 7
564 1485 5
94 1485 5
522 1486 8
1486 1675 3
1486 1654 7
75 1486 5
1487 1524 6
818 1487 3
178 1487 10
668 1487 4
92 1488 10
1488 1666 4
1488 1754 5
1489 1921 2
954 1489 6
555 1489 4
1325 1490 1
12 1490 2
1490 1558 8
665 1490 3
1240 1491 3
427 1491 2
1261 1491 6
1274 1491 6
336 1492 2
263 1492 1
928 1492 2
431 1493 8
378 1493 9
221 1493 1
663 1493 4
1494 1994 3
1494 1719 3
1484 1494 5
958 1495 2
375 1495 10
1495 1557 3
1097 1496 1
1496 1587 3
780 1496 8
1144 1497 9
453 1497 5
637 1497 7
1498 1652 1
1126 1498 10
884 1498 8
720 1499 4
1499 1967 9
45 1499 6
1499 1897 5
1143 1500 4
1387 1500 3
1115 1500 10
1500 1950 2
1501 1600 6
1501 1890 8
201 1501 5
863 1502 2
437 1502 3
1252 1502 10
348 1502 10
745 1503 5
1436 1503 10
963 1503 2
102 1503 3
1504 1569 5
316 1504 4
1504 1589 7
1479 1505 7
371 1505 7
748 1505 6
989 1506 5
1195 1506 4
224 1506 4
1506 1812 4
79 1507 1
1339 1507 5
483 1507 4
497 1508 4
1508 1671 6
6 1508 1
1082 1508 7
1509 1940 8
308 1509 9
824 1509 2
1510 1891 7
622 1510 8
182 1510 7
230 1510 1
1511 1782 3
612 1511 7
1511 1955 2
1115 1511 1
281 1512 9
344 1512 6
204 1512 9
1104 1513 9
695 1513 1
1513 1539 5
171 1513 9
638 1514 1
484 1514 2
1182 1514 3
1344 1515 5
1515 1621 1
1515 1727 8
1322 1515 2
1351 1516 8
1085 1516 8
1296 1516 1
1517 1744 6
1517 1644 5
511 1517 6
1462 1517 10
174 1518 4
27 1518 7
747 1518 3
1413 1519 5
353 1519 1
93 1519 6
1519 1951 4
1459 1520 9
1286 1520 6
1520 1640 8
1075 1521 2
487 1521 9
109 1521 10
147 1521 8
1192 1522 7
1522 1832 1
1028 1522 4
1353 1522 5
494 1523 8
913 1523 8
292 1523 3
840 1524 9
1363 1524 1
227 1524 6
169 1525 3
197 1525 1
1004 1525 5
1525 1897 10
1526 1895 2
1526 1829 4
196 1526 5
1526 1660 5
489 1527 9
1178 1527 3
640 1527 7
218 1528 1
807 1528 8
1365 1528 5
419 1529 5
1529 1948 4
1529 1608 8
1530 1849 3
566 1530 1
1368 1530 4
1530 1565 9
297 1531 10
897 1531 6
651 1531 10
1262 1531 9
764 1532 6
1257 1532 10
851 1532 6
548 1532 6
324 1533 7
1073 1533 10
1533 1925 9
1534 1956 7
1260 1534 4
266 1534 1
170 1534 8
1535 1998 2
949 1535 3
469 1535 9
376 1535 5
857 1536 6
1241 1536 8
1221 1536 8
81 1536 8
1537 1660 5
1060 1537 7
1530 1537 9
1538 1755 5
1228 1538 7
1052 1538 9
895 1539 10
1539 1888 5
997 1539 7
1540 1663 4
1075 1540 7
1230 1540 9
1312 1541 8
915 1541 5
1541 1872 7
1482 1541 5
901 1542 1
1191 1542 2
1542 1788 6
416 1543 1
710 1543 7
854 1543 1
1272 1543 5
1097 1544 2
1331 1544 8
900 1544 5
1544 1991 8
1545 1668 2
299 1545 1
1176 1545 7
403 1545 9
1237 1546 9
1064 1546 9
1546 1594 7
1421 1546 1
1481 1547 5
936 1547 7
971 1547 8
1548 1650 10
1548 1943 5
1548 1637 5
1548 1662 1
1164 1549 7
1492 1549 9
1549 1976 2
1154 1550 6
1515 1550 9
1550 1931 7
1350 1550 4
1224 1551 2
325 1551 6
870 1551 3
1551 1846 1
192 1552 10
1422 1552 5
709 1552 9
1018 1552 9
938 1553 5
1441 1553 4
1131 1553 9
1554 1879 2
547 1554 3
1496 1554 8
806 1554 10
1354 1555 10
1207 1555 3
1555 1711 3
136 1556 9
424 1556 5
424 1557 7
1557 1907 1
1557 1749 3
567 1558 4
1558 1763 1
513 1558 6
1558 1868 3
1047 1559 5
1559 1857 10
1383 1559 10
1160 1559 7
875 1560 3
1103 1560 10
359 1560 5
75 1560 6
475 1561 6
685 1561 8
984 1561 2
1561 1770 6
1467 1562 4
1562 1698 1
273 1562 5
1563 1722 9
1237 1563 5
1004 1563 4
1238 1564 7
1564 1760 8
270 1564 6
265 1564 4
330 1565 2
670 1565 7
642 1565 1
1023 1565 9
249 1566 9
229 1566 3
82 1566 8
244 1566 1
1567 1830 7
390 1567 1
1567 1935 9
52 1567 5
240 1568 2
164 1568 4
1183 1568 8
1568 1573 1
365 1569 4
1569 1659 5
122 1569 8
853 1569 5
1263 1570 1
1570 1642 1
1071 1570 10
1363 1571 7
592 1571 6
862 1571 4
1364 1572 1
910 1572 8
827 1572 4
1572 1749 10
1573 1623 1
1573 1824 8
560 1573 9
862 1574 2
686 1574 5
1203 1574 8
1207 1575 3
1575 1821 10
1240 1575 5
1575 1955 8
275 1576 9
947 1576 3
641 1576 8
1577 1842 3
124 1577 7
1121 1577 5
696 1577 6
989 1578 3
50 1578 5
1011 1578 7
484 1579 8
1579 1903 5
103 1579 1
971 1579 4
1481 1580 2
1580 1939 4
500 1580 4
317 1580 3
1581 1983 6
883 1581 3
861 1581 10
21 1581 6
566 1582 9
77 1582 8
1582 1962 8
572 1582 9
782 1583 3
104 1583 10
843 1583 8
1318 1584 8
1584 1634 8
1584 1931 6
323 1584 7
1355 1585 10
1497 1585 7
256 1585 1
1586 1735 1
612 1586 10
607 1586 5
559 1587 10
1587 1802 6
290 1587 8
201 1588 9
33 1588 8
655 1588 5
978 1589 4
1440 1589 4
1034 1589 10
1291 1590 1
4 1590 7
1432 1590 7
391 1591 4
1515 1591 1
824 1591 8
318 1591 5
1592 1944 7
1335 1592 9
1592 1855 1
294 1592 9
1187 1593 1
1593 1654 5
1310 1593 7
1593 1865 3
1243 1594 5
689 1594 9
1455 1594 5
186 1594 8
1595 1855 8
1485 1595 3
1372 1595 4
1350 1596 9
1596 1848 5
1588 1596 10
1184 1596 10
1597 1758 2
892 1597 6
1255 1597 4
1218 1597 10
1598 1888 7
849 1598 5
1235 1598 10
663 1599 5
452 1599 8
1599 1857 1
1218 1600 1
85 1600 7
1600 1679 10
415 1600 5
1601 1686 7
1601 1706 2
711 1601 5
1601 1612 9
90 1602 8
1239 1602 7
1138 1602 10
341 1602 4
1080 1603 3
284 1603 10
1270 1603 7
77 1604 8
876 1604 3
383 1604 8
482 1605 5
1605 1824 4
1590 1605 10
263 1605 6
182 1606 6
1557 1606 2
1164 1606 9
978 1607 7
1607 1774 10
487 1607 3
564 1608 10
630 1608 9
833 1608 8
1315 1609 4
116 1609 1
1494 1609 6
1124 1609 10
1306 1610 5
1342 1610 10
1610 1761 3
1251 1611 4
1611 1712 9
1611 1774 10
650 1611 9
1452 1612 1
523 1612 8
100 1612 6
1612 1952 4
1164 1613 8
1188 1613 1
99 1613 5
299 1613 4
1278 1614 7
963 1614 3
1614 1708 7
1438 1615 1
1615 1685 1
1541 1615 1
51 1616 6
529 1616 4
842 1616 4
125 1617 1
356 1617 6
990 1617 6
1151 1618 9
920 1618 8
971 1618 5
1618 1667 10
1105 1619 3
1619 1865 7
1115 1619 8
1518 1620 3
320 1620 3
1620 1887 6
12 1621 6
1237 1621 9
846 1621 4
1020 1621 8
1380 1622 10
803 1622 3
453 1622 4
633 1623 9
1487 1623 9
1623 1826 3
1623 1867 8
912 1624 10
495 1624 10
146 1624 7
1163 1624 3
1193 1625 1
658 1625 4
39 1625 5
1594 1625 10
298 1626 3
1626 1833 4
886 1626 2
1627 1736 1
653 1627 5
1557 1627 7
868 1627 9
1628 1667 5
997 1628 3
698 1628 4
728 1628 9
941 1629 9
476 1629 8
1629 1737 7
1537 1629 10
101 1630 8
1432 1630 5
1316 1630 3
1157 1630 3
636 1631 1
1631 1831 10
159 1631 7
1631 1959 2
1632 1922 10
1125 1632 4
1363 1632 4
602 1633 3
1209 1633 3
1493 1633 1
593 1633 2
1097 1634 10
37 1634 7
1634 1661 2
1594 1634 2
204 1635 3
30 1635 4
1635 1653 8
75 1636 3
1332 1636 1
1636 1797 5
744 1636 2
1236 1637 5
1498 1637 10
1637 1867 4
1278 1637 7
237 1638 10
223 1638 4
70 1638 9
734 1639 1
902 1639 1
69 1639 10
815 1639 2
957 1640 1
1640 1728 2
1640 1901 6
1048 1641 4
1119 1641 6
6 1641 9
559 1642 8
1642 1793 5
1170 1642 7
1643 1910 1
25 1643 3
1643 1690 5
857 1644 9
1528 1644 5
1644 1850 9
104 1645 6
806 1645 3
149 1645 6
507 1646 6
295 1646 9
14 1646 2
905 1646 6
469 1647 8
1647 1959 7
611 1647 3
1293 1647 8
543 1648 8
1378 1648 6
955 1648 7
849 1648 4
353 1649 5
329 1649 6
973 1649 8
392 1650 2
1650 1861 10
908 1650 1
355 1651 3
1317 1651 8
1536 1651 3
1099 1652 6
1652 1782 8
250 1652 10
1452 1653 5
127 1653 8
1168 1653 10
1282 1653 3
1055 1654 7
1654 1889 9
535 1654 9
1005 1655 6
1655 1673 5
472 1655 2
1636 1655 10
1493 1656 4
1138 1656 7
834 1656 4
1657 1889 4
57 1657 10
854 1657 1
1020 1658 6
789 1658 2
1658 1663 7
59 1658 5
1659 1917 10
1659 1708 10
1659 1740 8
401 1660 1
1660 1745 2
1638 1660 1
1538 1661 2
1501 1661 7
230 1661 6
134 1662 8
1662 1683 6
989 1662 7
1400 1663 4
1663 1986 8
32 1663 5
1664 1773 2
59 1664 7
934 1664 6
769 1664 3
225 1665 2
1558 1665 10
1665 1707 1
434 1665 6
162 1666 9
1550 1666 4
376 1666 3
229 1667 9
221 1667 5
534 1667 1
739 1667 7
1265 1668 1
848 1668 7
1668 1784 6
963 1668 6
1042 1669 5
1636 1669 8
1301 1669 1
1669 1991 10
1494 1670 9
666 1670 8
1289 1670 7
255 1671 2
1602 1671 5
319 1671 5
1179 1672 5
997 1672 6
1080 1672 2
1211 1672 8
1517 1673 4
832 1673 10
826 1673 6
1150 1673 1
1674 1858 8
1419 1674 1
1163 1674 2
1674 1755 7
750 1675 6
990 1675 2
1406 1675 5
722 1676 7
672 1676 6
844 1676 8
1676 1802 10
621 1677 8
387 1677 3
1677 1928 10
1678 1937 1
1482 1678 1
1678 1921 1
265 1679 3
884 1679 6
53 1679 2
1679 1740 7
8 1680 1
1650 1680 3
520 1680 3
612 1680 3
1681 1901 2
198 1681 10
232 1681 3
1412 1682 8
1219 1682 5
1682 1957 9
1001 1683 5
1559 1683 5
1683 1755 2
523 1683 1
663 1684 3
512 1684 4
575 1684 7
1267 1684 4
1685 1739 4
1559 1685 2
435 1685 8
1685 1736 5
1070 1686 4
1476 1686 4
464 1686 2
1687 1871 9
583 1687 5
169 1687 6
1643 1688 10
241 1688 9
1287 1688 9
1688 1923 5
1689 1826 6
1689 1923 3
253 1689 10
1416 1689 10
880 1690 9
454 1690 7
1690 1919 10
1567 1690 8
1691 1961 9
1269 1691 10
1132 1691 9
1692 1702 6
1472 1692 7
1032 1692 3
1607 1693 8
66 1693 3
1006 1693 6
87 1694 6
340 1694 4
763 1694 2
331 1695 9
1659 1695 3
1067 1695 9
199 1696 10
1275 1696 4
376 1696 9
1696 1879 9
1332 1697 9
1519 1697 1
1580 1697 8
1294 1698 7
652 1698 7
209 1698 7
597 1698 5
176 1699 4
39 1699 6
133 1699 4
146 1699 3
399 1700 10
78 1700 2
279 1700 3
1701 1999 4
65 1701 1
1350 1701 2
1226 1701 7
1213 1702 9
1702 1719 3
422 1702 7
690 1702 8
285 1703 1
1561 1703 4
255 1703 2
1126 1704 3
166 1704 8
1704 1924 2
1704 1757 1
1337 1705 1
549 1705 6
1119 1705 6
347 1706 7
291 1706 2
743 1706 2
953 1707 10
860 1707 5
402 1707 8
1708 1937 6
1431 1708 6
703 1708 7
1288 1708 1
187 1709 8
558 1709 9
712 1709 8
1193 1710 5
1570 1710 7
1497 1710 6
817 1710 8
788 1711 9
484 1711 2
1277 1711 4
223 1712 6
1712 1936 7
1712 1733 7
191 1713 4
1535 1713 2
1204 1713 10
1714 1849 5
1155 1714 2
1714 1980 4
788 1714 1
758 1715 9
1060 1715 5
1129 1715 1
962 1716 6
565 1716 1
191 1716 9
1717 1929 2
942 1717 5
1717 1942 9
1073 1718 8
560 1718 10
471 1718 1
1234 1718 10
836 1719 9
1629 1719 10
1719 1964 1
152 1720 5
556 1720 8
1674 1720 8
1367 1720 4
560 1721 8
492 1721 6
997 1721 10
1344 1722 10
509 1722 8
712 1722 6
402 1723 5
1723 1797 4
1533 1723 2
1723 1846 7
270 1724 3
1335 1724 8
831 1724 6
1725 1859 6
1 1725 4
470 1725 9
399 1726 5
1726 1782 1
862 1726 5
289 1727 9
640 1727 9
1727 1984 6
182 1728 2
817 1728 3
1433 1728 4
1101 1728 5
955 1729 6
823 1729 7
1178 1729 7
1140 1730 8
1001 1730 5
1657 1730 4
1365 1731 5
1721 1731 6
942 1731 6
1493 1732 8
583 1732 4
691 1732 9
145 1733 5
376 1733 1
1459 1733 2
989 1734 8
715 1734 1
1594 1734 7
1734 1756 5
1735 1877 10
435 1735 9
1327 1735 8
1655 1735 10
1542 1736 6
1736 1886 6
1736 1865 5
730 1736 1
183 1737 2
981 1737 5
3 1737 2
133 1738 6
1376 1738 10
81 1738 8
118 1738 2
1716 1739 1
1472 1739 4
1291 1739 8
1617 1739 7
203 1740 5
339 1740 6
1740 1856 2
1740 1820 10
764 1741 3
1634 1741 7
1005 1741 2
504 1741 8
1742 1811 6
1596 1742 7
1434 1742 7
1379 1742 10
778 1743 8
406 1743 5
1682 1743 3
755 1743 10
877 1744 1
137 1744 3
256 1744 1
1032 1745 8
429 1745 7
1614 1745 5
1332 1746 3
1606 1746 9
1248 1746 8
1570 1747 7
106 1747 7
532 1747 9
1740 1747 8
1008 1748 5
600 1748 6
496 1748 7
814 1749 2
875 1749 7
1749 1777 2
570 1749 10
1493 1750 7
1643 1750 4
1125 1750 4
663 1750 4
991 1751 6
731 1751 4
330 1751 2
1282 1752 8
426 1752 1
1744 1752 3
731 1752 2
861 1753 4
111 1753 1
338 1753 7
334 1754 2
1604 1754 10
417 1754 10
1408 1755 6
1612 1755 3
1440 1755 5
1369 1756 7
172 1756 8
419 1756 10
92 1756 3
1632 1757 4
1053 1757 4
1406 1757 3
1758 1884 9
1453 1758 1
1387 1758 1
1390 1758 8
1417 1759 3
122 1759 8
36 1759 9
1760 1965 1
1078 1760 7
1499 1760 1
740 1761 3
602 1761 6
898 1761 1
949 1762 5
1762 1967 5
437 1762 5
624 1762 10
607 1763 7
1226 1763 10
805 1763 5
1383 1764 2
1370 1764 4
667 1764 2
1764 1983 9
1138 1765 3
459 1765 9
572 1765 9
1337 1765 9
444 1766 6
22 1766 1
1766 1784 9
1732 1767 5
757 1767 8
1051 1767 9
273 1767 5
1438 1768 5
1768 1840 3
1612 1768 4
1769 1824 5
1300 1769 7
1313 1769 10
1770 1981 4
1522 1770 6
854 1770 9
1233 1771 2
1650 1771 1
280 1771 2
905 1772 9
209 1772 5
742 1772 2
118 1772 7
1030 1773 3
1773 1871 3
1630 1773 5
1671 1773 7
1457 1774 9
1774 1873 4
727 1774 8
1774 1896 1
239 1775 1
791 1775 1
1656 1775 10
39 1775 3
793 1776 1
1331 1776 1
1776 1852 4
1571 1776 5
1108 1777 6
1389 1777 6
14 1777 1
850 1777 8
937 1778 5
7 1778 8
813 1778 10
1778 1818 4
1349 1779 3
1469 1779 5
1475 1779 2
1305 1779 8
1780 1870 10
1029 1780 4
207 1780 6
1454 1780 5
264 1781 6
1781 1927 4
1324 1781 2
512 1781 2
1782 1974 2
309 1782 2
222 1782 4
196 1783 10
1556 1783 2
346 1783 1
1371 1783 8
1436 1784 7
316 1784 4
1541 1784 9
1507 1784 9
13 1785 3
1050 1785 8
1785 1956 7
851 1785 10
295 1786 3
368 1786 9
1248 1786 10
1116 1786 3
1168 1787 6
387 1787 1
614 1787 5
1788 1857 8
836 1788 7
565 1788 6
169 1789 6
959 1789 8
1503 1789 1
1307 1789 9
711 1790 10
1665 1790 2
1140 1790 3
1413 1790 1
591 1791 9
200 1791 6
862 1791 10
1499 1792 6
1130 1792 7
1341 1792 3
128 1793 2
1415 1793 3
1793 1981 5
512 1793 8
1761 1794 5
96 1794 5
886 1794 3
984 1794 8
1454 1795 10
10 1795 9
508 1795 5
519 1795 7
935 1796 10
118 1796 4
637 1796 10
269 1797 2
714 1797 3
710 1797 2
1166 1798 10
501 1798 4
1513 1798 9
1242 1798 9
631 1799 1
1799 1961 3
456 1799 1
1363 1800 9
817 1800 2
1800 1993 5
1633 1801 7
394 1801 10
1210 1801 7
1550 1801 8
1201 1802 10
1027 1802 6
797 1802 10
441 1803 4
66 1803 3
745 1803 5
1235 1803 6
1003 1804 3
1719 1804 7
28 1804 3
588 1805 1
1666 1805 7
1582 1805 5
783 1806 4
398 1806 1
232 1806 10
673 1807 3
1654 1807 9
1369 1807 9
774 1808 9
18 1808 9
1189 1808 7
1729 1808 4
185 1809 2
379 1809 5
719 1809 2
328 1809 10
1763 1810 8
1299 1810 8
1507 1810 8
131 1811 2
800 1811 2
1421 1811 6
891 1812 6
328 1812 1
1812 1903 8
1463 1812 3
1786 1813 2
798 1813 6
1294 1813 9
391 1814 4
1082 1814 3
1814 1940 2
929 1814 6
1815 1822 6
926 1815 4
633 1815 4
135 1815 1
567 1816 5
642 1816 2
1676 1816 8
1816 1817 9
323 1817 3
218 1817 9
695 1817 2
352 1817 10
1294 1818 9
1769 1818 10
1818 1840 7
1436 1819 2
1198 1819 4
742 1819 5
490 1819 7
521 1820 3
1663 1820 2
502 1820 4
807 1821 2
636 1821 5
784 1821 9
1240 1822 5
962 1822 2
1353 1822 6
998 1823 2
1823 1871 10
514 1823 4
1004 1824 2
759 1824 9
626 1824 6
921 1824 1
287 1825 8
151 1825 4
494 1825 8
1438 1826 9
898 1826 3
1826 1889 2
1826 1907 10
498 1827 4
503 1827 5
1378 1827 7
160 1828 8
599 1828 9
1074 1828 1
618 1828 5
1258 1829 8
1082 1829 3
395 1829 6
1542 1829 6
294 1830 7
1199 1830 3
58 1830 2
1052 1830 2
417 1831 2
492 1831 9
713 1831 2
1832 1851 9
1609 1832 3
822 1832 9
80 1832 3
184 1833 10
899 1833 7
304 1833 6
172 1834 5
574 1834 1
1834 1847 8
1503 1835 7
1255 1835 8
1534 1835 1
1490 1835 4
1708 1836 3
1346 1836 4
1352 1836 9
554 1837 3
546 1837 4
1688 1837 3
948 1837 9
1838 1994 6
1838 1957 4
262 1838 1
658 1839 8
747 1839 5
938 1839 1
1462 1840 1
1751 1840 1
1533 1840 4
938 1840 1
900 1841 9
1110 1841 9
1150 1841 2
648 1841 6
1635 1842 3
1303 1842 8
1842 1844 4
907 1842 5
1803 1843 5
1393 1843 1
1566 1843 4
1721 1843 7
1176 1844 5
833 1844 7
1280 1844 7
430 1845 10
856 1845 8
1816 1845 3
1471 1846 2
338 1846 6
1649 1846 3
1846 1978 5
1371 1847 6
1174 1847 7
1847 1848 1
1025 1848 7
1027 1848 1
832 1848 10
506 1848 1
1565 1849 7
749 1849 5
388 1849 3
1205 1849 1
732 1850 2
1084 1850 1
935 1850 1
1062 1851 5
200 1851 4
1766 1851 6
640 1851 5
850 1852 9
1852 1933 10
258 1852 6
155 1853 5
1712 1853 4
1718 1853 9
1299 1854 3
1156 1854 4
713 1854 3
1076 1854 7
942 1855 7
769 1855 10
1594 1855 10
868 1856 3
314 1856 3
321 1856 3
177 1856 8
653 1857 1
1857 1975 2
930 1857 1
22 1857 3
758 1858 8
1601 1858 5
1496 1858 8
1128 1858 5
1837 1859 9
1638 1859 6
9 1859 1
1599 1859 2
523 1860 1
1223 1860 4
345 1860 6
1578 1860 7
1861 1930 2
1801 1861 8
201 1861 10
688 1861 8
148 1862 6
841 1862 6
1705 1862 3
15 1862 1
618 1863 10
802 1863 4
1464 1863 5
1116 1863 10
351 1864 10
1864 1907 1
1280 1864 9
1022 1864 8
821 1865 9
1865 1938 9
1556 1865 5
1661 1865 4
1643 1866 9
149 1866 5
918 1866 1
788 1866 3
1634 1867 9
326 1867 4
632 1867 6
1852 1868 6
83 1868 5
1675 1868 6
47 1868 4
867 1869 10
1027 1869 2
572 1869 9
524 1869 3
511 1870 4
129 1870 2
955 1870 7
1286 1870 6
111 1871 8
1037 1871 5
72 1871 6
1298 1872 1
563 1872 9
1455 1872 9
94 1873 9
1446 1873 9
406 1873 4
242 1873 7
385 1874 6
837 1874 3
963 1874 6
325 1875 8
1147 1875 6
1783 1875 2
711 1876 1
432 1876 7
568 1876 10
1485 1877 6
335 1877 5
1703 1877 2
1607 1877 8
1145 1878 6
467 1878 3
727 1878 1
458 1878 8
1397 1879 6
1823 1879 1
726 1879 6
1880 1948 10
222 1880 9
1610 1880 2
295 1881 7
1638 1881 1
470 1881 8
1009 1882 3
34 1882 7
1076 1882 3
907 1882 7
1367 1883 6
628 1883 1
1168 1883 6
1777 1883 3
1148 1884 7
524 1884 9
1028 1884 9
1053 1884 7
1403 1885 7
817 1885 3
437 1886 7
987 1886 2
1675 1886 7
672 1886 3
1301 1887 5
29 1887 9
361 1887 4
663 1887 2
971 1888 1
417 1888 5
1637 1889 10
1847 1889 5
534 1889 6
971 1890 2
1705 1890 5
527 1890 4
1546 1890 2
1199 1891 7
526 1891 10
867 1891 2
1081 1892 4
1114 1892 3
315 1892 3
429 1892 5
208 1893 2
1893 1976 3
1218 1893 4
65 1893 2
939 1894 9
33 1894 9
1222 1894 1
1728 1895 9
949 1895 8
79 1895 5
28 1895 4
433 1896 1
1522 1896 3
134 1896 5
917 1897 3
517 1897 6
417 1897 3
1520 1898 5
1857 1898 4
1064 1898 10
435 1898 4
1843 1899 3
107 1899 4
1278 1899 8
1158 1899 8
708 1900 2
1782 1900 6
187 1900 6
1559 1901 3
952 1901 10
656 1901 10
882 1902 9
1754 1902 7
1150 1902 1
1400 1902 10
154 1903 9
660 1903 6
1256 1903 9
1054 1903 7
1845 1904 10
426 1904 4
1516 1904 1
1904 1944 1
625 1905 7
1703 1905 5
1481 1905 3
1427 1906 5
771 1906 10
1233 1906 7
1686 1906 3
1471 1907 9
1907 1987 6
1786 1907 9
722 1907 6
755 1908 4
887 1908 3
1203 1908 10
1802 1909 6
152 1909 4
559 1909 4
1062 1909 4
594 1910 9
1364 1910 1
1422 1910 4
1032 1911 2
980 1911 10
1091 1911 3
916 1911 7
530 1912 4
1862 1912 6
704 1912 10
1489 1913 4
1522 1913 9
1128 1913 6
1883 1913 5
952 1914 2
163 1914 5
234 1914 7
1759 1914 8
578 1915 10
1300 1915 7
287 1915 1
262 1916 5
462 1916 9
216 1916 2
259 1917 7
1208 1917 9
1161 1917 5
1044 1918 7
1425 1918 8
1122 1918 3
1233 1919 2
1071 1919 2
1670 1919 4
10 1919 10
386 1920 2
1510 1920 1
242 1920 7
1402 1921 9
830 1921 3
78 1921 4
1154 1922 8
932 1922 5
944 1923 10
1862 1923 6
1842 1923 7
1438 1923 6
1747 1924 2
774 1924 2
1614 1924 6
1692 1925 10
667 1925 3
1059 1925 10
460 1925 3
1926 1967 2
1190 1926 10
1735 1926 2
154 1927 5
1927 1962 7
60 1927 1
913 1927 9
1017 1928 3
523 1928 2
1549 1928 9
1778 1929 6
1058 1929 10
84 1929 1
943 1929 3
436 1930 6
736 1930 2
186 1930 4
677 1930 1
1025 1931 3
998 1931 10
1080 1931 1
655 1932 4
1932 1939 5
1513 1932 5
320 1933 3
1876 1933 8
1895 1933 3
1229 1933 3
1244 1934 2
1780 1934 2
104 1934 10
1702 1935 6
988 1935 2
1774 1935 1
1551 1935 1
1277 1936 10
1632 1936 1
1635 1936 8
1111 1936 1
1868 1937 6
1015 1937 10
1287 1937 7
694 1937 1
477 1938 8
1565 1938 1
619 1938 3
1320 1939 7
241 1939 3
608 1939 7
1629 1940 9
1291 1940 6
1267 1940 5
925 1940 4
832 1941 1
72 1941 10
1806 1941 9
562 1942 6
1849 1942 1
427 1942 9
248 1943 2
111 1943 2
1365 1943 2
1866 1944 2
1810 1944 8
318 1944 8
1912 1944 4
886 1945 6
1723 1945 1
546 1945 10
1830 1946 5
375 1946 10
1276 1946 6
1860 1947 6
641 1947 2
596 1947 7
1105 1948 5
96 1948 6
1381 1948 5
345 1948 6
1237 1949 5
436 1949 1
194 1949 5
490 1949 6
934 1950 3
1196 1950 1
1209 1950 7
422 1950 5
394 1951 3
1047 1951 10
1018 1951 2
237 1951 6
651 1952 3
650 1952 1
220 1952 7
1448 1952 1
782 1953 3
1408 1953 10
1308 1953 3
1496 1953 1
1544 1954 4
1636 1954 7
1039 1954 10
828 1955 10
905 1955 6
1556 1955 3
68 1955 10
1080 1956 2
1151 1956 9
643 1956 5
666 1957 5
1957 1962 5
806 1957 1
1478 1958 5
490 1958 8
1940 1958 10
1368 1958 7
639 1959 4
126 1959 6
1445 1959 5
1086 1959 10
197 1960 1
154 1960 2
1444 1960 9
788 1961 1
185 1961 8
292 1961 3
1777 1961 8
1244 1962 10
753 1962 3
1865 1962 3
1048 1963 9
1799 1963 4
1782 1963 6
1203 1963 9
1415 1964 5
276 1964 3
435 1964 8
352 1964 8
299 1965 1
1055 1965 8
857 1965 10
796 1966 4
638 1966 5
847 1966 2
62 1966 7
908 1967 1
1278 1967 4
331 1967 4
597 1968 2
1090 1968 3
1828 1968 4
500 1969 5
1160 1969 8
171 1969 10
197 1970 8
1924 1970 6
531 1970 2
1076 1970 7
1469 1971 5
482 1971 8
317 1971 4
1460 1971 8
801 1972 1
795 1972 2
1785 1972 8
1879 1973 8
1741 1973 4
978 1973 3
600 1973 6
1435 1974 10
31 1974 4
325 1974 2
179 1975 4
1079 1975 9
1238 1975 2
648 1976 5
1385 1976 6
1025 1976 1
892 1976 10
1501 1977 3
1805 1977 10
1936 1977 8
844 1978 3
706 1978 6
1407 1978 4
818 1978 1
891 1979 2
762 1979 10
63 1979 8
459 1980 6
1277 1980 6
1065 1980 1
467 1981 4
0 1981 5
503 1981 7
1830 1982 3
1925 1982 9
359 1982 4
271 1982 9
185 1983 2
596 1983 8
903 1983 10
1456 1983 6
1703 1984 3
956 1984 2
184 1984 5
1940 1984 9
565 1985 2
644 1985 7
893 1985 7
133 1986 8
1557 1986 7
1665 1986 3
87 1987 9
240 1987 1
590 1987 9
1727 1987 2
1389 1988 10
873 1988 5
1725 1988 4
81 1989 1
845 1989 6
29 1989 9
253 1990 4
1340 1990 3
979 1990 7
1144 1990 3
1074 1991 3
787 1991 7
912 1991 5
429 1991 5
1798 1992 10
1829 1992 6
1055 1992 4
1956 1992 8
1033 1993 7
898 1993 7
1419 1993 2
1933 1994 1
937 1994 8
372 1994 5
504 1994 7
872 1995 10
387 1995 3
1165 1995 3
1452 1995 8
1328 1996 5
787 1996 7
1951 1996 7
1118 1997 5
908 1997 10
1616 1997 8
68 1998 7
252 1998 2
510 1998 7
29 1998 4
178 1999 1
1283 1999 7
1765 1999 8
1103 1999 10
